-0.02913366,0.022476923,0.06969526,0.035148688,0.004234328,0.009792889,-0.032109644,0.05899373,0.030836616,0.015643405,0.0121124415,-0.024078155,-0.011800414,-0.003125506,-0.050278775,0.056492742,-0.056428082,0.052248392,0.049357723,0.024982097,-0.042655047,0.05227598,-0.030382695,-0.014040228,0.030364173,0.02768912,-0.0561304,0.053690415,0.005079435,0.017774872,0.061167676,-0.082358144,0.043936677,-0.053766813,0.07388155,0.0064667137,0.03765585,0.08483392,-0.013911003,-0.053855594,0.0051733414,0.012049826,-0.01326568,-0.06686693,0.065358594,0.026110778,-0.054275014,-0.06539308,-0.041953508,0.015010222,0.0021503437,-0.04692112,0.037896253,-0.028861025,0.058512017,0.059526306,-0.042315252,0.08572016,0.021594422,0.015035596,0.06345109,-0.072279245,-0.0061042756,0.01205104,-0.03785461,-0.055102818,0.052350514,-0.0072620176,0.032004327,0.0919133,-0.04212137,-0.056049723,-0.035611004,-0.025030632,-0.009771465,0.008899275,0.0055070412,-0.033562716,-0.092738256,0.0006005448,0.005622993,-0.027187392,0.042955063,-0.0007836762,0.054299664,0.003413479,-0.008854705,0.018080676,-0.04561257,-0.02042556,0.03734282,0.020396825,-0.06845713,0.005738564,0.0096704895,0.078325555,-0.04793508,-0.011882002,0.0005159573,-0.038287867,-0.029816892,0.030855961,-0.037118774,0.054460198,0.0133655965,0.022745157,-0.06653435,0.026390001,-0.050285812,0.0074725463,0.047709998,-0.034547664,0.011934754,-0.013086216,0.00047113257,-0.029034285,-0.03662357,-0.06109198,-0.032894894,0.027315957,0.041454792,0.07663418,0.014400405,-0.032886837,0.016125128,-0.04105035,-0.047064755,-0.009636936,-0.012924683,0.062478937,0.042706527,-0.027200624,-1.3467555e-05,-0.032251906,-0.014382702,0.004066166,-0.013706897,0.005694921,0.0057034753,0.03247428,0.01556742,-0.040246952,-0.017700471,0.00815583,-0.051711775,0.058097776,0.04064265,0.09223397,-0.017405594,-0.033091146,-0.06639496,-0.02230296,0.017012097,-0.065375894,-0.023814343,0.016959975,-0.015405305,0.09116783,0.03301056,0.064204596,0.032781195,0.06493946,-0.028030857,-0.05938235,0.046423025,0.013618371,0.07059878,0.074557774,-0.02334422,-0.042857353,0.06344193,-0.05568205,-0.028746467,0.08318218,0.044947337,0.06939805,-0.011280259,0.01497309,-0.0262553,0.018615697,-0.004506483,0.037776053,-0.09901012,0.030655107,-0.034563918,-0.06638205,0.06531693,-0.03590798,-0.056709364,0.024145108,0.058264844,-0.038145874,0.026632376,0.032620896,-0.057557564,-0.0063789263,0.044149935,0.06504185,-0.08979021,0.03394053,-0.06187931,0.011856422,0.042217575,0.036362134,0.03772511,-0.10675229,0.030754719,-0.048693873,-0.10964432,-0.052443884,-0.06971356,0.073363915,0.024379041,0.04098642,0.07192405,-0.036331788,0.014304249,0.0875128,-0.07932187,-0.003463007,-0.06902612,0.037208643,-0.038152557,-0.035910722,0.0038095883,0.04818952,0.030694375,-0.067702174,0.03363644,-0.03412943,-0.047458302,0.0007030754,0.019299233,-0.059356242,-0.06374848,-0.060715176,-0.005098228,-0.0382511,0.07678329,-0.083183885,-0.020154063,0.02802842,0.019495048,-0.0023147766,0.059279602,-0.025110325,-0.0248083,0.059700787,0.04021421,0.04553073,-0.042390887,-0.0016187815,-0.050700065,-0.03304191,-0.057095643,-0.018895406,0.088220626,0.010582529,0.007363675,0.004613393,0.021877864,0.030966066,0.033161867,-0.012069705,0.019306496,0.025651764,-0.025951838,0.007676328,-0.0064647,-0.06399181,0.03676415,0.0650575,-0.0056934324,0.058512617,0.004469382,0.05565032,0.0015368896,0.024358064,0.029499907,0.005372355,-0.002113731,0.00322304,-0.049281385,0.02317682,-0.03396294,-0.0033698895,-0.014688414,0.0031895533,-0.0034272776,0.002933398,-0.0032262288,-0.036788046,0.039151136,-0.010817978,-0.04982569,-0.02020498,-0.003352404,-0.08314033,-0.050508436,0.028750846,0.048655346,-0.009811798,0.057242684,-0.0065138247,0.0033178988,0.04241958,-0.039543107,-0.016555542,0.08250663,0.0118145,-0.003744539,-0.045724176,0.06973416,-0.028653372,-0.056919355,0.025655076,-0.092596725,0.01944217,-0.01682716,-0.051682435,0.059715386,0.014303949,-0.064413026,0.04004835,0.05248032,-0.020932727,0.006995147,0.053146258,-0.023215307,-0.015973218,-0.070967026,0.008793021,0.067303605,-0.029884437,0.08928698,0.09275467,-0.10131013,0.041958757,-0.020252498,-0.020130543,-0.0358946,-0.01848315,0.039363425,0.007879871,-0.046068743,-0.053205457,-0.0008153009,-0.073453195,-0.07693384,0.053244177,-0.0113303885,0.07247333,-0.032691073,0.0143116005,0.027068155,-0.041088365,-0.10692752,-0.034425713,0.0725208,-0.049881224,0.06774794,-0.011574466,-0.038314287,0.021845033,-0.019701285,0.073541224,0.017015519,0.028266972,-0.025579747,-0.06853395,0.0146912355,0.08734685,-0.034777034,0.0114307795,-0.00836373,0.024579277,0.046706032,0.01881199,0.028662253,-0.012983915,0.045020327,0.06546954,-0.01432913,0.058726687,0.012153002,0.02803302,-0.013386153,-0.067876555,-0.04163938,-0.034365207,-0.07764341,-0.034255575,-0.006560405,-0.037826862,0.021261226,-0.06524826,0.027800158,-0.048369166,-0.08608026,-0.046752006,-0.0736798,0.054851945,0.035423093,0.058677107,0.0537546,-0.028388731,-0.0673482,0.016087852,-0.06288928,-0.06247905,0.030823234,0.024211463,-0.07015868,0.00070480054,0.037186015,-0.03046432,0.02334842,-0.00033068674,0.038884502,0.062438406,0.05975809,-0.020494973,-0.07633592,-0.011827536,0.005026462,-0.028499223,-0.06406117,-0.032864794,0.006763858,-0.0118278405,-0.07692047,0.005738292,0.0366162,-0.060967937,0.01119087,-0.03457794,-0.04945695,0.020501126,0.07493916,-0.048721775,0.0044424376,0.015672162,-0.065726325,-0.0037178812,0.035598893,-0.012438714,-0.0317348,-0.021294149,0.04877011,-0.0060721166,-0.008538483,-0.00032715232,-0.048153646,-0.08286238,-0.0042985952,0.0014903296,0.050222382,0.061313424,0.030924816,0.057618674,-0.023252526,0.03286637,0.034995236,0.058536474,-0.007946532,0.019531608,0.030374305,0.03517186,-0.014628514,0.032895193,-0.10350946,0.06824798,0.044309944,-0.015153649,0.018131977,-0.07777629,-0.06562082,-0.006107239,0.03957554,-0.03213924,0.033687606,-0.026782993,0.045719214,0.051073857,-0.0383523,-0.031286106,0.052156933,-0.048634555,0.015074163,0.04868984,-0.036100786,-0.0014784695,-0.04458069,-0.040370453,0.05380765,-0.018165445,0.03152647,0.034568883,0.059642363,-0.0134281125,0.08491655,-0.009962348,-0.054034747,0.01314666,-0.07428915,-0.015453904,-0.021983428,0.0072300415,0.0268967,0.03662128,0.036297165,0.039289635
0.010577782,0.016666103,0.042758197,-0.007077926,0.023629284,0.06136121,-0.018525241,0.052677363,0.031539492,0.022209343,-0.017784353,-0.010276965,-0.009735161,0.0046459273,-0.048654974,0.049533132,0.0005617461,0.056572586,0.010917296,-0.013179379,-0.045378026,0.0530245,-0.054231472,0.011789649,0.020391446,0.012705324,-0.063854605,-0.0076959827,-0.038819827,0.0077385665,0.058292173,-0.06964955,0.027184337,-0.077054635,0.057485968,0.00541909,0.042335406,0.061783064,-0.005738207,-0.04862463,-0.0030763405,0.031532817,-0.0029044724,-0.094401956,0.062019274,0.03488131,-0.029369524,-0.058439355,-0.033064168,0.03375849,0.028035536,-0.045670655,0.0073182704,-0.010797666,0.016259706,0.07164576,-0.036294296,0.040168345,0.012499855,0.033769943,0.11704227,-0.05304266,0.020426078,-0.015575836,-0.008606041,-0.020237204,-0.014212585,0.000922933,0.015392146,0.04065689,-0.06377647,-0.04408789,-0.025747364,-0.024384834,-0.051438242,-0.0040571364,0.0076268404,-0.04634714,-0.08880815,0.036877256,0.012709766,-0.033460148,0.053257443,-0.008827753,0.059473433,-0.003157692,-0.047662325,0.03482714,-0.0688964,0.002304139,0.024236487,0.0034210815,-0.025979752,0.0008673648,0.03550051,0.056838755,-0.06471638,0.013990364,0.03005619,-0.03558761,-0.011672569,-0.01074024,-0.015922662,0.076429255,-0.04048918,0.009169461,-0.0476156,0.04018839,-0.04472913,0.04036058,0.04786824,-0.009940998,0.014971792,-0.005852749,-0.04009428,-0.057818804,-0.0177179,-0.04963098,-0.03607799,-0.01934248,0.009019538,0.0789055,0.022614015,-0.023039052,0.06053677,-0.039027005,-0.0669401,-0.020986978,0.023878464,0.085827,0.029135795,-0.07787005,0.006235178,-0.062238332,0.02114363,-0.049128756,-0.059785213,0.043724354,-0.026205793,0.027877871,-0.0405888,-0.062484045,-0.060270157,0.03614792,-0.040861253,0.05933099,0.0688186,0.08477367,-0.014547375,-0.05470286,-0.03917092,-0.019033562,0.024607591,-0.072029516,-0.020887429,0.018457271,0.017861193,0.12521459,0.041474625,0.06179425,0.050915547,0.062043704,-0.039640505,-0.039515667,0.05858104,0.00041588594,0.080357544,0.030913386,-0.041980952,-0.028800037,0.036573455,-0.030044947,0.01918897,0.08746971,0.05874399,0.03086188,0.037185125,0.008103667,-0.00988762,0.036616873,-0.027320612,0.06607536,-0.05275827,0.0039779264,0.014544896,-0.040786948,0.063334785,-0.042405877,-0.07032014,0.0026508025,0.075789675,-0.0449169,0.028430477,0.028150814,-0.07069364,-0.042184327,0.0772944,0.02593526,-0.053338397,0.03484199,-0.060661346,0.049079165,0.039262433,0.015797732,0.027807327,-0.022287382,0.04666878,-0.038974717,-0.08464554,-0.055274554,-0.07636728,0.044539526,0.024762664,0.014017126,0.029395256,-0.057515495,0.025490131,0.062036745,-0.02347532,-0.0030110604,-0.02419744,0.04233916,-0.05014854,-0.03120656,-0.028336275,0.031030018,-0.0027535479,-0.04147591,0.017383194,-0.042591173,-0.012602087,0.0405947,0.022336524,-0.0148359705,-0.038342815,-0.054029167,0.019423625,-0.0057455422,0.112098984,-0.0534505,0.016419131,0.015213735,0.019865746,0.01679485,0.09949056,-0.018458745,0.021238301,0.06761893,0.023641003,0.07011354,-0.02350277,0.058732968,-0.06921345,-0.047725838,-0.04296531,-0.012190708,0.05225391,0.02354252,0.029028911,0.012413809,-0.008725911,0.028121073,-0.0015214228,0.018798916,0.025043547,0.03692781,-0.034937084,0.02026634,0.06692382,-0.06328063,0.0040532304,0.08736696,-0.0049213916,0.021909239,0.0019252243,0.034258716,0.04992455,-0.010887183,-0.00666291,-0.010534346,0.043646105,0.02669753,-0.05411702,0.020850236,-0.07455511,0.022495419,-0.033274822,0.011077678,-0.0027092055,0.03907072,-0.0104381,0.00883506,0.017094,0.0022643134,-0.008855241,-0.012206967,-0.018156974,-0.082953915,-0.015908571,0.014623506,-0.0071833087,0.015232191,0.058944553,-0.04260201,-0.081793785,0.048025224,0.0071603428,-0.023056842,0.0715189,-0.015537044,-0.03342541,-0.09206338,0.057134524,-0.030942278,-0.06827754,0.018817948,-0.035777103,0.017243903,-0.016350642,-0.04130499,0.05177534,0.017821796,-0.06389314,0.00940235,0.036942635,0.02262025,0.019237876,0.11496575,-0.03929441,-0.044390257,-0.036107197,-0.03934722,0.051423706,-0.049282786,0.060377758,0.05436194,-0.09023249,0.022259405,-0.08184102,-0.06206385,-0.024912525,-0.029067375,0.04915015,0.04087126,-0.08522439,-0.099734716,-0.029639436,-0.047450162,-0.06453308,0.0032923203,0.015547965,0.032340046,0.012854483,0.010988093,0.012868271,-0.00024299863,-0.030111324,-0.04834741,0.07230165,-0.073034495,0.043033402,0.017374488,-0.03963257,-0.01414125,-0.057744533,0.03265979,-0.0015532093,0.048395585,-0.076173805,-0.06178717,-0.0019402605,0.040555626,-0.012563214,0.039924506,-0.017183023,0.067468785,0.026066812,0.014293068,0.03659239,-0.015273796,0.013364296,0.06129838,-0.050057217,0.015386021,0.029250463,-0.004633847,-0.02146788,-0.049469247,-0.034797207,-0.060449284,-0.05858012,-0.012640632,-0.017458566,-0.085389465,0.0060690613,-0.11096855,0.032297045,-0.028587215,-0.07330986,-0.0503627,-0.048499122,0.043047756,0.027632685,0.03839196,0.070984975,-0.024108106,-0.008979381,0.04209926,-0.044468913,-0.03751663,0.0640562,0.05333067,-0.060129642,0.0072057885,0.030388685,-0.008976601,0.019486424,0.0018513933,0.0076031694,0.04924043,0.05682146,-0.03349114,-0.072547875,0.015523423,0.07555236,-0.04717213,-0.04258368,-0.015710205,0.05092476,-0.031110056,-0.023665832,-0.030758249,0.0065804394,-0.03655751,-0.023461387,-0.020064939,-0.04538057,0.075904794,0.050954327,-0.070849285,-0.006182803,0.049428448,-0.082158275,-0.0045664245,-0.029470202,-0.03801354,-0.055699345,0.0071191704,0.03700079,0.014910355,-0.050178602,-0.056018,-0.048921756,-0.05583468,0.025028093,-0.03951913,0.036074653,0.08570147,0.014941786,0.07342776,-0.030911535,0.046078816,0.068559326,0.0835782,-0.009666444,0.029196294,0.0086781,-0.0041947328,-0.0052410085,0.06983708,-0.080936454,0.06683158,0.070769295,-0.020927843,0.026359608,-0.045714367,-0.05009595,0.0024083953,-0.013706756,-0.07503177,0.057023536,-0.04383119,0.026167218,0.06875917,-0.03591231,-0.010443869,0.040757794,-0.05263254,0.020791965,0.021059377,-0.059905987,-0.021579986,-0.022142196,-0.03290875,0.015361271,0.01918809,0.05236732,0.0030374257,0.11105813,0.0116621815,0.100580685,-0.020310218,-0.0341406,0.0026226982,-0.052652977,0.008265612,-0.0016344532,0.019725343,0.01711759,0.013565639,0.00069959066,0.03942419
0.016039904,0.024537923,0.08148132,-0.004658082,0.0014212386,0.013312415,-0.023537235,0.049188353,0.03977903,0.013496848,-0.028907163,-0.039260745,-0.001859383,0.0020785409,-0.070630774,0.054031864,-0.04185874,0.06908079,0.060968533,0.008220558,-0.023268314,0.08305707,-0.053845204,0.027873525,0.0018422729,0.02203568,-0.051081095,0.017491592,-0.04038302,0.0064813136,0.07676072,-0.103878655,0.017057128,-0.04171788,0.08459562,-0.0060245683,0.003801911,0.108268276,-0.05007227,-0.07255756,0.0033150988,0.012461179,-0.012674328,-0.08277529,0.062379323,0.050533235,-0.036213327,-0.05380836,-0.03441394,0.042403046,0.03805865,-0.032217097,0.015422239,-0.025312291,0.033071864,0.044048756,-0.07453404,0.040122822,0.0406749,0.033587705,0.11521278,-0.04084333,0.014228251,-0.04117548,-0.026714742,-0.010069356,0.0098718805,-0.020812932,0.041223068,0.04792817,-0.054556876,-0.060107127,-0.02344266,-0.012107478,-0.06402039,0.0061778296,-0.014547339,-0.03811074,-0.08854379,0.024756389,0.0689206,-0.052898493,0.07225043,-0.0133133475,0.023865635,0.008190662,-0.05297005,0.026659077,-0.056284647,-0.02878169,0.024284873,-0.0032033755,-0.045033168,0.030699369,-0.0046572033,0.086742975,-0.07971064,0.014839482,0.027143877,-0.05684092,-0.022694604,-0.017144179,-0.02217403,0.057570286,-0.01477209,0.020467574,-0.0644106,0.02593087,-0.04837095,0.0054995557,0.055287786,-0.011687639,0.025209751,0.015387176,-0.0582145,-0.061132535,-0.0063603716,-0.048725862,-0.03261795,-0.027358754,0.004436099,0.07570736,0.0069087567,-0.032543328,0.040385462,-0.052836657,-0.06795681,-0.04039064,0.036215674,0.031200092,0.05331685,-0.05969655,-0.015448632,-0.06697779,0.011400058,-0.015613499,-0.060288094,0.04305072,-0.022545913,0.03275152,-0.010348125,-0.060352802,-0.032399815,0.032654837,-0.040865246,0.10103744,0.05497024,0.093729205,-0.01675613,-0.04234635,-0.07683512,-0.04007392,0.010828363,-0.06075558,-0.027167883,0.03596988,-0.021025624,0.09840582,0.038072884,0.06938281,0.065792315,0.04484523,-0.04288651,-0.03082551,0.07627362,0.01700125,0.0875817,0.038100958,-0.058936737,-0.03439998,0.053569503,-0.05119386,0.02392223,0.05653605,0.053867307,0.039502326,0.01984548,0.01032091,0.0063673514,-0.0021961022,-0.036600072,0.07005157,-0.043027047,-0.011121538,-0.0072277626,-0.044607494,0.04042335,-0.05282707,-0.0789254,0.0007177836,0.08905731,-0.05308099,0.060578465,0.027300889,-0.046297286,-0.02836966,0.06275099,0.035630982,-0.018604506,0.0040231682,-0.061660644,0.027112823,0.03458427,0.020086521,0.04766783,-0.034599073,0.042720165,-0.033611447,-0.06022772,-0.080303,-0.06485938,0.04062538,0.041014824,0.0015315375,0.028667673,-0.05545061,0.033325177,0.0480915,-0.026005598,-0.020706516,-0.032654397,0.028749164,-0.06323833,-0.01009447,-0.016979184,0.037178583,0.0006469373,-0.027491866,0.017883267,-0.029273007,-0.015692128,0.050660416,0.017370718,-0.034586973,-0.032450788,-0.047266148,-0.027021619,0.0036654107,0.0960568,-0.07150686,0.0034589241,-0.0015135345,0.0152281225,0.021983834,0.10037413,-0.010115953,0.021137988,0.07654717,0.012410102,0.06474925,-0.0179651,0.032057863,-0.10156695,-0.06323736,-0.052820288,-0.038154863,0.047139786,0.027396629,0.031646702,-0.0076562697,-0.011070684,0.03766594,0.0254564,0.025012486,0.049406175,0.048413675,-0.033773974,-0.013355608,0.060770765,-0.062148023,0.036904667,0.06922803,0.012337702,-0.008410249,-0.0012344973,0.05246241,0.043153837,0.010043639,0.029742477,0.020179486,0.022552688,0.01630845,-0.05285346,0.023156647,-0.050305832,0.036927056,-0.032766674,0.007954916,-0.024942284,0.0032766382,0.0038077428,-0.001427764,0.017257717,0.004140892,-0.011370373,-0.017735932,-0.016709847,-0.08160567,-0.036086816,0.016462537,-0.013139898,0.028185083,0.075607866,-0.0054322174,-0.065089576,0.027315617,-0.032596562,-0.033839058,0.06536685,0.005368033,-0.02378726,-0.074590854,0.05912084,-0.041899968,-0.093323424,0.0048355483,-0.05436801,0.026240775,-0.023379942,-0.07320656,0.055107534,0.0066979113,-0.06766379,0.0045117433,0.059743665,-0.0024483807,0.004160278,0.07026421,-0.0633142,-0.011718763,-0.050579283,-0.036123347,0.047486905,-0.04747252,0.09224133,0.07561454,-0.066387676,0.025989007,-0.08870196,-0.06164512,-0.028106473,-0.021890538,0.04775734,0.03732898,-0.041876215,-0.037558407,-0.006920572,-0.06858725,-0.05909752,0.0036430764,-0.015918555,0.050872058,-0.02268698,0.039114576,0.028950205,-0.021029914,-0.054767806,-0.020936783,0.07267734,-0.060862184,0.053206585,0.011602114,-0.02150043,-0.004448376,-0.05642225,0.042529278,0.021425541,0.009024721,-0.067510374,-0.045014143,0.002076667,0.054485887,-0.0018347893,0.03707957,-0.009798414,0.086379774,0.015827337,0.025274739,0.020430667,-0.0139432475,0.019073453,0.060375415,-0.02431353,0.04345396,0.045759745,-0.015078038,-0.016670577,-0.029150795,0.004117808,-0.027602186,-0.05377086,-0.0027417904,-0.032172512,-0.05671057,-0.0007038422,-0.07795957,0.029587347,-0.03463724,-0.06272821,-0.073242076,-0.026257142,0.038371608,0.030377876,0.033448547,0.054416806,-0.027969515,-0.02983278,0.04070284,-0.040725566,-0.03870066,0.055674728,0.039104704,-0.03090749,-0.0040180115,0.025457984,-0.03323788,0.017435053,0.014638414,0.039660707,0.06471981,0.045846473,-0.054933682,-0.08375036,0.0037290326,0.06805195,-0.027747184,-0.064668216,-0.027595056,0.022521628,-0.016207702,-0.045075268,-0.008574744,0.033248782,-0.04530946,0.026711239,-0.033174857,-0.04641696,0.07083974,0.059490934,-0.042435758,0.00039204085,0.02951355,-0.031365786,-0.007407462,-0.011608267,-0.037261665,-0.048537448,-0.014369265,0.026898637,-0.010420737,-0.0341557,-0.032456495,-0.05011215,-0.07601903,0.0062686666,-0.0077915746,0.046262823,0.06272915,0.034878094,0.064592816,-0.024156556,0.016280996,0.019310236,0.07384144,0.023540983,0.04117586,0.0034763322,0.017166657,-0.02045951,0.035539128,-0.070714,0.07781082,0.047863692,-0.015017619,0.011101417,-0.064625196,-0.05112048,-0.002138843,-0.0024353813,-0.06824743,0.07809897,-0.044064663,0.033096045,0.080029756,-0.027374214,-0.0068250494,0.02356243,-0.021698143,0.02707825,0.0456818,-0.047027998,-0.010445941,-0.020728454,-0.052082505,0.039634857,0.010303727,0.043894507,0.036038414,0.11403596,0.0037835608,0.08897749,0.011446043,-0.03699138,-0.013621548,-0.07448936,-0.008918573,0.0020022474,0.024956107,0.012950478,0.013225393,0.005988049,0.01383507
-0.026399132,-0.0074522384,0.03726946,0.029022872,0.005877317,0.013276246,0.013935354,0.060937285,0.028095718,-0.016526213,-0.013437319,0.00913666,-0.016422844,-0.026021004,-0.060003914,0.044375375,-0.031942442,0.06746631,0.027334487,0.022476718,-0.03669862,0.06222759,-0.07391499,0.04926748,0.02507008,0.026174532,-0.06350904,-0.0045102923,-0.016078845,-0.022361312,0.07573477,-0.06473186,0.070373856,-0.06232702,0.058107067,-0.010070171,0.025284465,0.08300332,0.017415388,-0.06858011,-0.018764438,0.042709604,0.008004287,-0.041785352,0.039780486,0.005229216,-0.01279644,-0.0747719,-0.030803956,0.004059861,0.0105794165,-0.018778864,0.057177193,-0.0059903227,0.012643002,0.06798731,-0.00425292,0.040940154,0.03813794,0.048472837,0.077205054,-0.08351958,0.009616471,-0.008275447,0.0006993706,-0.0294923,0.019072143,-0.021496631,-0.004948607,0.075127356,-0.06703823,-0.040215034,-0.010265004,0.009994841,-0.021120125,-0.004726093,0.005397196,-0.006922661,-0.108101934,0.04646894,0.010419241,-0.031196112,0.051549915,0.00016191964,0.07165008,-0.0019468219,-0.047693357,0.014686062,-0.07508817,-0.008167396,0.009637903,0.019046225,-0.021205807,0.027791789,0.015834412,0.043956798,-0.01969878,-0.01102212,-0.0075752256,-0.027185768,-0.052481104,-0.027080981,-0.019278664,0.07740441,-0.039509933,0.00885301,-0.046503082,0.06758264,-0.06525628,0.029730512,0.062533595,-0.006556056,-0.0061527435,0.0045980625,-0.0026265462,-0.066656314,-0.017254397,-0.052213565,-0.047230512,0.01707707,0.025108797,0.05428946,-0.020123705,-0.03960485,0.026280774,-0.050718226,-0.035908047,-0.0043441253,0.026847849,0.057163794,0.02934786,-0.055136357,-0.00488117,-0.04850649,0.027832793,-0.009482495,-0.029857382,0.056675557,0.012070659,0.0024287205,-0.030193439,-0.044487257,-0.05038615,-0.03964986,-0.08284804,0.04676432,0.070997804,0.08359022,0.012665065,-0.018378545,-0.072185785,-0.031501167,0.03127194,-0.06384203,-0.022231156,0.032205433,-0.01498211,0.11642207,0.038536526,0.071645714,0.068882816,0.08128653,-0.05334536,-0.048188504,0.044514492,0.017864889,0.043536495,0.031102298,-0.03836668,-0.025833849,0.06780354,-0.038367324,0.009913962,0.086281404,0.044357833,0.036786932,0.0005606663,-0.0017373434,0.0073819514,0.049092904,-0.051606704,0.036432896,-0.05044981,0.010056535,-0.016113436,-0.07951199,0.06020763,-0.036611337,-0.08374033,0.0095089,0.09850718,-0.035536412,0.030988848,0.05597865,-0.047208592,-0.03259963,0.030644579,0.031037211,-0.07747264,0.06631886,-0.08601979,0.033028822,0.058363993,0.029321896,0.031302765,-0.051659018,0.027290357,-0.020704156,-0.09486346,-0.056643914,-0.062062442,0.05682212,0.023881197,0.034666684,0.053671863,-0.04811617,-0.0039060826,0.06444247,-0.051114455,-0.009550516,-0.022260016,0.0047725686,-0.04679922,-0.0603603,-0.032678798,0.010593057,-0.01609965,-0.0663499,0.04436506,-0.030292628,-0.012800957,0.0051753456,0.018788276,-0.0019706525,-0.048780818,-0.013981474,0.01217667,0.0045775142,0.10384745,-0.026733946,0.0066990037,0.026700396,0.030707011,0.00016367,0.09170897,-0.018632874,0.010087771,0.054092053,0.04067229,0.06620254,-0.013925898,0.054428745,-0.04539824,-0.051558282,-0.046540406,-0.030200612,0.06354572,0.01366397,0.02241603,0.002834181,-0.033139758,0.04038228,0.054886322,0.022087434,0.01241029,0.06070836,-0.026399678,0.01838546,0.034166344,-0.06256943,0.011962045,0.067890875,-0.015846016,0.0298169,0.0051726867,0.046725687,0.010580754,0.006947284,0.028370911,-0.015520813,0.017665654,-0.0056277234,-0.035867598,-0.01257279,-0.061383452,0.015134524,0.0060730437,0.034132387,0.0064564883,0.0117925955,0.007431709,-0.032757003,-0.01875058,0.0023832398,0.01060337,-0.02647613,-0.022018675,-0.053868692,-0.029319348,0.059926424,0.03203595,-0.01703049,0.075239435,-0.028577114,-0.021424823,0.03155033,-0.038234618,-0.06530461,0.045378644,0.009997358,-0.055101287,-0.07573425,0.068278916,-0.046343405,-0.08266945,-0.0063150916,-0.04614169,0.010894526,-0.030048873,-0.028401764,0.073801935,0.02817767,-0.09206451,0.016351301,0.02353301,0.020667411,-0.010697287,0.08614671,-0.019517785,-0.03917961,-0.05464385,-0.0028785998,0.07769111,-0.013900423,0.076819085,0.06753331,-0.10696163,-0.012287175,-0.020182982,-0.035029177,-0.018271876,-0.021051867,0.04611038,0.014599028,-0.06495211,-0.08090869,-0.020427035,-0.03569097,-0.06541307,0.014335674,0.02036867,0.09673965,0.0025359,-0.024499498,0.041882914,-0.0383741,-0.058803115,-0.04991898,0.08401669,-0.051632375,0.043364894,0.007482595,-0.028375242,0.01292594,-0.058321748,0.030490676,0.009380177,0.044547945,-0.03677394,-0.06441598,-0.021647517,0.05064496,-0.021557031,0.045712437,-0.026535993,0.05867613,0.046025693,-0.0087853735,0.047047194,-0.022190074,-0.003578134,0.056026608,-0.036147464,0.03510215,0.0035924537,-0.0064886836,-0.017303267,-0.024144921,-0.025607374,-0.05797323,-0.015488365,0.0063347537,0.01615512,-0.03970472,-0.007980955,-0.112575695,0.005467104,-0.03226262,-0.08405962,-0.065526634,-0.04981898,0.029135447,0.06496045,0.057495948,0.031317078,-0.041590583,-0.058987457,0.020045986,-0.015539517,-0.05214803,0.053217392,0.04430795,-0.057142857,0.00820267,0.05077383,0.015285333,0.038895693,-0.011315997,0.013141667,0.06949193,0.07507208,-0.059702814,-0.085345365,0.0072834194,0.076291025,-0.04697708,-0.069272846,-0.037243776,0.0709541,0.018683298,-0.049954724,-0.025617935,0.005965676,-0.031471666,0.0062089423,0.0060354555,-0.04384028,0.0058929077,0.07158288,-0.046491556,-0.0232389,0.05261762,-0.060930558,-0.0067729354,-0.02068935,-0.03716295,-0.061165836,0.0033762604,0.047737762,0.047054507,-0.013216915,-0.04776021,-0.05238499,-0.057945974,0.0186778,0.0025786282,0.07013179,0.059428032,0.03323765,0.04426941,-0.02908711,0.07637454,0.07082721,0.07777623,-0.021064438,0.020700635,0.02663281,0.030295027,-0.0078199105,0.05113708,-0.09590306,0.02496142,0.054955415,-0.036456686,0.0087680975,-0.049692918,-0.054941807,-0.040968217,0.01822114,-0.028129555,0.05865013,-0.07933626,0.022444967,0.09168845,-0.030232191,-0.015125274,0.009251885,-0.018902956,0.049507592,0.03383877,-0.036132865,-0.0022007406,-0.03641407,-0.03845188,0.02338752,0.0044470434,0.03426107,0.03088084,0.06759801,-0.016449766,0.098714754,-0.021470666,-0.05678513,-0.0024600835,-0.078418024,0.04968531,-0.018000461,0.01231642,0.044353977,0.044934075,0.02756266,0.008746613
0.01508178,0.01087736,0.044057027,0.03345005,0.03320561,0.031753078,-0.045936316,0.055905484,0.036400814,0.0005363638,-0.024253469,-0.031123022,0.0039223814,0.028298993,-0.08318766,0.06997948,-0.019172005,0.060043115,0.023068756,0.007615324,-0.03906468,0.06575573,-0.058422018,0.028503282,0.012432405,0.02654515,-0.07790343,0.016740987,-0.0083831465,0.0063054403,0.07569729,-0.07399249,0.022351712,-0.052178286,0.060810138,0.000935717,0.027538639,0.08364363,-0.005174543,-0.030617017,0.0047428,-0.0055859773,0.060575258,-0.046425313,0.06493151,0.028643893,-0.05106423,-0.06324452,-0.064125426,0.002926878,0.03772455,-0.036839295,0.036528282,-0.026813347,0.033380236,0.05431636,-0.078812085,0.049770176,0.017597826,0.013551481,0.063380904,-0.08058405,-0.029765388,0.050823145,-0.019354165,-0.034704857,-0.003957328,-0.03400186,-0.006783453,0.059765097,-0.062339433,-0.045567557,-0.04617613,0.020254306,-0.06437083,-0.005937128,-0.0035778217,-0.009950757,-0.10429517,0.02999624,0.030152647,-0.037607,0.05834798,-0.04300496,0.022114825,-0.0132610025,-0.032923844,0.015593573,-0.051948693,-0.032993235,0.0075675217,-0.0023246708,-0.06829917,0.0070046764,-0.024710549,0.08103864,-0.07644049,-0.012783101,0.01276228,-0.011061172,0.00034940534,-0.017864658,-0.03916911,0.07513893,0.015274211,-0.017464656,-0.091354966,0.034626234,-0.009685803,0.036723197,0.09187826,-0.041295733,-0.006151284,-0.0047349776,-0.020341061,-0.045593504,-0.015545509,-0.058050007,-0.040786557,-0.0020034916,0.031825077,0.040120468,0.01113399,-0.030235637,0.012339478,-0.028543709,-0.049580585,-0.02779879,0.042459257,0.06097382,0.03567462,-0.024147043,-0.0017175054,-0.07386624,0.040558174,-0.055033326,-0.03551203,0.028137865,-0.0069545275,0.01562752,0.010653247,-0.068160124,-0.033495083,0.008251385,-0.06250708,0.051248893,0.05496972,0.10085044,-0.00786123,-0.0002474024,-0.07115041,-0.07191569,0.035007622,-0.057861418,-0.07538967,0.027998494,-0.004932156,0.14023222,0.028997574,0.029683327,0.029417112,0.052779377,0.009786197,-0.051989827,0.020102719,-0.015452732,0.085510306,0.031346943,-0.04101399,-0.047537606,0.052870717,-0.02490957,0.02506095,0.08733707,0.055593446,0.0049943663,0.011993234,-0.023286538,-0.04235855,0.051692247,-0.048708197,0.030831467,-0.040143795,-0.004628842,-0.047628317,-0.035827547,0.092692666,-0.0469197,-0.101888366,-0.021826195,0.07748548,-0.036361996,0.061738856,0.04211861,-0.053457085,-0.027293483,0.034564096,0.038941495,-0.058309816,0.032966223,-0.04390673,0.060249753,0.05099606,0.03091084,0.041897655,-0.07694524,0.012976129,-0.044163607,-0.10273246,-0.02105799,-0.032563627,0.06741007,0.003637632,0.021906864,0.029700825,-0.07214808,-0.013416308,0.031026872,-0.039455198,0.020494822,-0.02928064,0.006780807,-0.055727076,-0.030723713,-0.03224943,0.04671918,-0.01950443,-0.034451213,0.00884891,-0.04736762,0.009946537,0.0119723,0.018357055,-0.013733799,-0.04341926,-0.03388337,-0.022767331,-0.026985664,0.06665988,-0.07092299,-0.018381894,-0.02141529,0.018936785,0.016489442,0.089642115,-0.04457671,0.03958604,0.04742916,0.07632778,0.0432621,-0.06253576,0.0316489,-0.082073875,-0.040416744,-0.05325747,-0.020058796,0.039606698,0.0064567127,0.02808436,0.01786892,-0.0019459256,0.047016848,-0.0015967627,0.03719008,0.05765718,0.07713589,0.024904948,0.019763133,0.02423457,-0.07494641,0.004418066,0.067626975,0.014284822,0.037081376,0.004409,0.044306446,-0.02787442,0.00080613286,0.029396992,0.002699301,-0.008072788,-0.024701677,-0.0316236,-0.0080123935,-0.05662097,0.008992226,-0.02437561,0.012831159,-0.037127513,0.023271838,-0.006698214,-0.026178677,0.010481001,-0.009432047,0.01407805,-0.010478284,-0.0034490037,-0.08808652,-0.020599358,0.023804352,0.018451683,0.019245712,0.08842428,-0.032336585,-0.017947096,0.039898206,-0.026990952,-0.04086723,0.04182913,-0.0024838843,-0.050133023,-0.036772497,0.03359081,-0.027130147,-0.083037585,-0.028099615,-0.04866326,0.013082993,-0.022344831,-0.08823912,0.0726917,0.038129155,-0.09559817,-0.012298309,0.054672346,0.026773635,-0.011196778,0.06719103,-0.016240248,-0.002310438,-0.059457544,-0.040617023,0.053042706,-0.021783864,0.060800184,0.067045644,-0.06119433,0.04196459,-0.063796744,-0.053044174,0.01869107,-0.040749524,0.040552862,0.02019834,-0.08858846,-0.042336386,-0.002669479,-0.08113227,-0.07148454,0.024368681,0.023207176,0.025858639,-0.012141571,0.013963278,0.052055527,-0.03085803,-0.03734248,-0.031264264,0.073034406,-0.034732584,0.025217252,0.004329295,-0.023505086,0.007862924,-0.07292652,0.030343004,-0.0034942012,0.023550775,-0.05520342,-0.07146743,0.0112338,0.026896259,-0.012563991,0.040160786,-0.012426654,0.038095433,0.053718664,-0.006255486,0.026211644,-0.015267612,0.028038073,0.060676016,0.008915974,0.04357017,0.061410446,-0.031317815,-0.018253606,-0.0103344405,-0.031605,-0.054081272,-0.038423818,-0.024729582,-0.013012152,-0.041982286,0.043603297,-0.044268094,0.028859267,-0.02380454,-0.052726753,-0.055218406,-0.045527138,0.009958296,0.05315516,0.060414463,0.04893975,-0.051778935,-0.010797975,0.02573365,-0.019313145,-0.049817,0.056762148,0.016260335,-0.08663636,0.015139863,0.03486787,-0.015124511,-0.0073474273,0.041972093,0.0121640945,0.056369547,0.035717674,-0.05354793,-0.10746621,-0.038502883,0.08388091,-0.0020311743,-0.07558899,-0.0032178175,0.057666905,-0.041439656,-0.043525513,0.005448106,0.035055358,-0.06337399,-0.012459803,-0.0057066125,-0.07324438,0.020910075,0.016315468,-0.049886122,0.030273998,0.010807678,-0.05320465,-0.0012520661,-0.015302104,-0.05436807,-0.038611367,0.024123797,0.01591885,0.011876337,-0.021504186,-0.044915095,-0.045966562,-0.053542085,0.013909887,-0.021237366,0.07340631,0.07833612,0.031295765,0.038765837,0.010261477,0.03347717,0.0545646,0.047372803,0.0010580017,0.049909003,-0.007963476,0.035355676,-0.061595738,0.025164569,-0.11352647,0.058554348,0.075623974,-0.057747003,-0.012924111,-0.05425408,-0.06230737,-0.030274834,-0.02492407,-0.061188444,0.027253395,-0.059791636,0.03480788,0.028596183,-0.013643195,-0.014162139,0.011471633,-0.008457484,0.020381369,0.054593246,-0.05746363,0.016953755,-0.03731564,-0.059212506,0.07172531,0.0015606434,0.065092936,0.015897766,0.11776169,-0.0071451133,0.11156037,-0.002229199,-0.022507714,0.011278482,-0.027583688,0.010356627,-0.0051100245,0.0021551491,0.0496374,0.043770727,0.0347755,0.012848193
0.014867712,5.3190553e-05,0.026352549,0.0014899403,0.0011643782,-0.0047829156,-0.021661341,0.057343993,0.01530792,0.008459375,0.0038311384,-0.018597957,0.007600735,-0.016262233,-0.056378633,0.04387808,-0.044653624,0.05351915,0.07199409,0.043392915,-0.05280711,0.098002814,-0.03943932,0.0145698115,0.03122644,0.03565849,-0.058254894,0.02336192,-0.032849647,0.0013548248,0.04809372,-0.08777541,0.0066211587,-0.05714005,0.069824725,0.003284564,0.04130133,0.08141824,-0.009074679,-0.05268711,0.017537082,0.030397713,0.013044467,-0.07009528,0.058354557,0.036115244,-0.031192228,-0.035221275,-0.06437838,0.03863292,-0.0047909706,-0.049471825,0.024435818,-0.041073803,0.028240006,0.059139032,-0.074857436,0.04643506,0.031552993,0.013573061,0.07803188,-0.089110166,0.02428909,0.009304296,-0.011979593,-0.03282421,0.0033350163,-0.007602488,0.02446259,0.07389255,-0.044027563,-0.053284027,-0.026837831,-0.0070794937,-0.07354295,0.025406085,-0.011719289,-0.022790167,-0.080391794,-0.0015983067,0.011923664,-0.030393837,0.040988877,-0.017079454,0.05978666,-0.020404946,-0.04256721,0.003994559,-0.058041126,-0.044157963,0.043443535,0.00905191,-0.05778659,0.024759172,-0.0055525587,0.08616464,-0.042742703,0.021619473,0.019412378,-0.016688751,-0.01790538,0.00096231425,-0.01656766,0.065100335,-0.040297527,0.013445132,-0.072102785,0.028941657,-0.048165753,0.0044560423,0.06900778,-0.007934361,0.012098961,0.012831874,-0.023986638,-0.0649358,-0.04237574,-0.037822295,-0.036250945,0.03845741,0.0048985705,0.09285303,0.027845979,-0.03424809,0.052610356,-0.0372957,-0.050408963,-0.026700884,-0.00780159,0.07807252,0.063111044,-0.03184005,0.014252624,-0.02749259,0.0013669891,-0.0070281117,-0.05613363,0.021769715,-0.0030493296,0.032366134,-0.0041088928,-0.046265095,-0.04379005,-0.009674176,-0.03995905,0.06049105,0.04160711,0.07978104,0.00032800602,-0.026431404,-0.07722105,-0.01124321,0.031472784,-0.053497728,0.007024373,0.004345392,0.0027530903,0.099816345,0.05428774,0.074407876,0.061447453,0.05394921,-0.04220305,-0.058125865,0.016812313,0.0020985883,0.077846274,0.038092643,-0.038663864,-0.037118856,0.07036128,-0.049544424,-0.015435955,0.07783438,0.04665068,0.04981455,0.02431696,0.018999493,-0.016254673,0.029458655,-0.018335093,0.04287915,-0.0530036,-0.003738564,-0.039998103,-0.055591524,0.022281012,-0.07366914,-0.08093636,0.015555233,0.06500978,-0.038659338,0.04597853,0.028651102,-0.041897066,-0.021071443,0.068071134,0.039660946,-0.067876086,0.025639497,-0.02492034,0.054413136,0.035579406,0.062844545,0.011039946,-0.039971188,0.033631958,-0.05026472,-0.066650525,-0.051855706,-0.08629371,0.040477224,0.05285178,0.007554863,0.025173398,-0.0398135,0.014026658,0.06140675,-0.025255296,-0.035581626,-0.052001886,0.07637816,-0.06637492,-0.0189742,-0.0076271794,0.065939166,0.007895922,-0.0742408,0.011104051,-4.0411804e-05,-0.014520417,0.027860047,0.012472559,-0.050157666,-0.040892307,-0.036886785,0.0028523311,-0.022899536,0.09529023,-0.08316701,-0.001484866,0.00090094993,0.021075184,0.021649443,0.106456175,-0.005882759,0.022025187,0.07228457,0.04482894,0.07490345,-0.051057518,0.033602826,-0.06773527,-0.05937445,-0.07714917,-0.028488334,0.024131816,0.0223578,0.0013689531,-0.01620304,-0.012994662,0.020283379,0.032483872,-0.01761066,0.027629072,0.068519935,-0.03627651,0.031322576,0.045138508,-0.046004355,0.0019896536,0.046163604,-0.01707589,0.055625573,0.01957609,0.013591279,0.057718463,-0.002413652,0.035997473,-0.00045632204,0.044124436,-0.008751638,-0.049090564,0.018053344,-0.03056125,0.0053891432,-0.024018172,0.024738686,0.008296823,-0.00033386884,0.0070230714,-0.023277598,0.033661783,-0.029598886,-0.015956342,-0.027868504,-0.019017585,-0.117692776,-0.021338534,0.01863884,0.042817235,-0.004379117,0.054891642,-0.023753636,-0.025199613,0.061657365,-0.0295225,-0.02385859,0.109841675,-0.0015825246,-0.02977542,-0.06733252,0.042947188,-0.06119293,-0.06377363,0.023507174,-0.04992096,0.014751483,-0.0029257815,-0.046920095,0.045459285,0.0126255,-0.05455114,0.013424267,0.06793951,0.015184276,0.030284073,0.055667948,-0.050243303,-0.048209094,-0.049562454,-0.025472352,0.07023878,-0.06281511,0.107762255,0.077713944,-0.08606707,0.053679723,-0.03289958,-0.0151221,-0.035980668,-0.00793066,0.001715116,0.02406448,-0.041469023,-0.07193136,-0.026589856,-0.05147751,-0.07233405,0.027991619,-0.013975876,0.057647016,-0.018092424,0.0058467123,0.028135242,-0.02162584,-0.06154572,-0.038242932,0.03409177,-0.029786551,0.058355544,-0.0093148025,-0.009059556,0.004549261,-0.024409387,0.04322211,0.0053303624,0.059236404,-0.044589993,-0.088531084,0.012529304,0.05932908,0.004227073,0.040035646,-0.003704468,0.05250495,0.06186265,-0.00097160833,0.0113697965,-0.03237929,0.034361985,0.07958375,0.00027640688,0.028342674,0.008151505,-0.017235572,-0.015671864,-0.039988883,-0.04160803,-0.041347947,-0.061188802,-0.01653423,0.012410235,-0.047326412,0.020511864,-0.07178837,0.07197069,-0.009101104,-0.094141975,-0.04157449,-0.051745526,0.016449722,0.017449437,0.05783753,0.07641244,-0.032845497,-0.07949746,0.0015155578,-0.03910425,-0.035085745,0.041014235,0.060542017,-0.047419176,-0.010744174,0.030151442,-0.010392736,0.018037809,0.006660747,0.018321654,0.051427804,0.08098877,-0.070773534,-0.09655657,-0.0016722843,0.053106695,-0.026364822,-0.069036424,-0.023874188,-0.0043020663,-0.04430599,-0.029293293,-0.0028175595,0.0427043,-0.033970866,-0.024376784,-0.030257238,-0.021103235,0.056553833,0.062034193,-0.047612112,-0.012354216,0.03742516,-0.05089025,-0.036054216,-0.0040427097,-0.04186437,-0.04550114,-0.04042216,0.032484047,0.01010949,-0.03173229,-0.027710965,-0.04019237,-0.060084183,0.005103429,-0.020158341,0.06441494,0.055342115,0.032543544,0.044403628,-0.011964709,0.032946937,0.05582953,0.048659354,-0.013659267,0.03471409,0.034979295,0.0058849226,-0.0051280395,0.06681658,-0.12661196,0.06526238,0.030301835,-0.049784508,0.017879758,-0.076145805,-0.034915976,-0.039804935,0.02237315,-0.043836385,0.07469552,-0.06900433,0.05993152,0.050670512,-0.06224269,-0.0033958843,0.0290409,-0.016861092,0.035190593,0.046383105,-0.05591066,-0.01579178,-0.028860224,-0.0005481158,0.038336135,-0.009292987,0.038145956,0.012617192,0.09370504,-0.0039260346,0.084842205,-0.033452194,-0.052031532,0.029702943,-0.067164496,0.010236399,-0.06303294,0.00029011062,0.0008241835,0.031449687,0.044032697,0.022917977
0.002856788,0.032973155,0.059348293,0.009653402,-0.0043055387,0.031350985,-0.04185065,0.052132346,0.026190588,0.018698223,-0.01632528,-0.017308194,0.0165161,0.028223984,-0.08224814,0.05508007,-0.034759216,0.032505214,0.037509374,0.03019584,-0.064392895,0.073733665,-0.0630806,0.0017590895,0.016838772,0.021466913,-0.07182633,0.013291761,-0.017105186,0.017473932,0.049993902,-0.071196586,0.005438179,-0.048259437,0.088476144,-0.011459169,-0.0005585638,0.056306474,-0.065931134,-0.08181506,0.0032626872,0.030329205,-0.018643714,-0.060820594,0.08434801,0.042288795,-0.009388077,-0.050913386,-0.06735709,0.027533578,0.029766949,-0.046588402,0.018736165,-0.004301609,0.027431563,0.05402749,-0.04476407,0.058071468,-0.0064462535,0.02530548,0.09294129,-0.058666363,0.0076309848,0.018116342,-0.01396558,0.011343184,0.015570956,-0.0043908358,0.009628981,0.04087855,-0.040609762,-0.044372007,-0.014262286,-0.004570879,-0.035457935,-0.002481479,-0.0016115727,-0.043401033,-0.09848593,0.06841538,0.03431748,-0.03395408,0.06930487,-0.015413693,0.051526345,0.0053598685,-0.026942136,0.026533786,-0.07165864,0.011636999,0.029598892,0.012323125,-0.072781794,0.015662618,-0.011719619,0.06806047,-0.06813673,0.0119281905,0.022268107,-0.04440672,-0.033340476,-0.025595095,-0.010073452,0.103582285,-0.029672587,0.023693703,-0.061900713,0.052914042,-0.033634067,0.0040486422,0.07707635,-0.016235681,0.009050675,0.017635336,-0.025769003,-0.051298257,-0.03568082,-0.024733474,-0.020954337,0.013953634,-0.0192245,0.058748446,0.01164251,-0.0217077,0.028327134,-0.07121414,-0.061448563,-0.017847857,0.004148754,0.081035934,0.031904697,-0.03978178,-0.025191257,-0.08546277,0.008960395,0.010248194,-0.039791808,0.062465332,-0.008775889,0.022974813,-0.013118119,-0.04259425,-0.057242226,0.018675089,-0.043481126,0.088117875,0.07961236,0.09240278,0.025569811,-0.01930299,-0.06674509,-0.016379971,0.029949423,-0.05182785,-0.040800083,0.018582005,-0.011980307,0.09660029,0.035574526,0.046767756,0.05311223,0.053208582,-0.025747612,-0.053534858,0.032330897,0.0073973457,0.080988154,0.034145627,-0.065288424,-0.047307014,0.0471684,-0.029425746,0.02358539,0.086002916,0.07297196,0.04314597,0.01387646,-0.012236709,-0.003201988,0.01354299,-0.049024776,0.0715879,-0.04827626,0.005295637,-0.015525747,-0.059328,0.04785697,-0.07016815,-0.07086711,0.014769368,0.08044072,-0.10429784,0.020500539,0.012863362,-0.036983427,-0.046553273,0.06586715,0.037537757,-0.055774786,0.01928457,-0.065891616,0.036081277,0.016474033,0.019387582,0.020077331,-0.041991834,0.03256874,-0.045786362,-0.07280366,-0.056034647,-0.078915104,0.047848806,0.0021043739,0.005797077,0.0060724095,-0.08741258,0.0040318435,0.07376713,-0.0552545,0.0009552539,-0.04848489,0.042394582,-0.05128338,-0.029112194,-0.013960607,0.030818118,0.022366997,-0.043714456,0.00721206,-0.05305187,-0.013264893,0.03229315,-0.0060136896,-0.004244768,-0.025620969,-0.009802592,0.02640704,-0.023432072,0.10036117,-0.06993763,0.030907242,0.0006981217,0.014431045,0.01266605,0.08631169,-0.03870715,0.043081254,0.034483626,0.018828144,0.07929473,-0.009806086,0.023283653,-0.07584505,-0.03447792,-0.065849215,-0.016772142,0.057447314,0.015414815,0.0072796107,0.028344944,0.010785969,0.042000458,-0.0035740829,0.013072455,0.041966956,0.08024869,-0.028039802,0.011111737,0.06344059,-0.044391986,0.019613056,0.06302641,0.0009976852,0.02286928,0.026491163,0.04641923,0.058643434,-0.0045174947,0.013863269,0.020270396,0.04007845,0.0010997994,-0.067453116,0.0075179255,-0.0576875,-0.024144405,0.0006303489,-0.008469757,-0.012465227,0.015966691,-0.0066828653,-0.020780828,0.03174639,-0.010902961,0.0010999934,-0.01938027,-0.04898031,-0.07201421,-0.035252783,0.010291071,0.021168549,0.0010464704,0.061328404,-0.008099288,-0.054073382,0.016307943,-0.0029290072,0.006870389,0.08616152,-0.0053484654,-0.06012282,-0.09817342,0.062269267,-0.040802296,-0.06717857,0.004980299,-0.03918242,0.02572824,0.0004999734,-0.019912487,0.06775554,0.00993827,-0.07962399,0.000845978,0.068325974,0.007024795,-0.0014929946,0.10024857,-0.024094194,-0.013565747,-0.057867933,-0.0037817238,0.050938535,-0.031736445,0.07884402,0.033434384,-0.07804856,0.01831816,-0.06661723,-0.061513495,-0.047455117,-0.026693825,0.061744776,0.03696011,-0.04466759,-0.045347683,-0.03232263,-0.04173974,-0.06353566,0.02300191,0.018593283,0.054627925,-0.02111671,0.018734515,0.012747475,-0.01838967,-0.048092548,-0.039434366,0.077847354,-0.045034308,0.06121837,0.0097365305,-0.019075138,-0.0026068294,-0.04210223,0.03442937,-2.7650505e-05,0.031864394,-0.07473074,-0.042136427,0.005573053,0.031236028,-0.00018317428,0.03625525,0.006204158,0.038429197,0.023065662,0.016967436,0.047704283,-0.046174366,0.025056176,0.049984407,-0.036611453,0.022425361,0.047446966,0.010044605,-0.027799675,-0.0247919,-0.012578713,-0.025449129,-0.02532747,-0.0015376059,-0.011460794,-0.044638228,0.03670087,-0.08483291,0.019311592,-0.022250723,-0.069214724,-0.076779634,-0.05567339,0.033772826,0.024550758,0.08316773,0.034939315,-0.07156744,-0.020268956,0.014459203,-0.022106705,-0.026129711,0.057085767,0.021964341,-0.06594654,-0.0020574878,0.056242682,-0.033930633,-0.014258563,0.0045551453,0.014682533,0.056136537,0.052533917,-0.036872257,-0.107287735,-0.018193439,0.038956113,-0.049544886,-0.07526028,-0.053157397,0.04289241,-0.008295962,-0.021971978,-0.0035796582,0.025925476,-0.017496802,-0.008353282,-0.02371532,-0.04508215,0.056324463,0.042776536,-0.07374093,-0.01316002,0.049749173,-0.048954993,-0.02253677,-0.0012864255,-0.03109633,-0.038334083,0.010089672,0.062735,0.015977634,-0.021788511,-0.036703963,-0.04489683,-0.068746105,0.00951841,-0.029922904,0.05528611,0.07845564,0.023744376,0.044413045,-0.037379447,0.031369902,0.04907543,0.06310119,0.0019483634,0.02625155,0.014246804,0.028161364,-0.028785277,0.06551798,-0.09751848,0.07798375,0.0651989,-0.02011008,0.011816103,-0.057895504,-0.038904574,0.013553786,0.0019204932,-0.0869146,0.07681976,-0.06135425,0.053613134,0.046346013,-0.060172904,0.00053420576,0.044831995,-0.029889517,0.009120895,0.07084654,-0.04999731,0.025368117,-0.028224215,-0.040804308,0.08661424,0.015928103,0.050092623,0.032391727,0.09375082,0.0027921246,0.075323485,-0.030541794,-0.052265234,-0.006433208,-0.07215424,-0.0021867787,-0.019770654,0.02331392,0.04072684,0.010518088,0.00967833,0.03640553
0.019505497,0.045095652,0.049552683,-0.00037631148,0.0054948092,0.0065915785,-0.01654547,0.02410935,0.038948666,0.006002872,-0.022312684,-0.03921046,-0.004277367,6.6079556e-05,-0.051033027,0.093414254,-0.03502545,0.05046436,0.021860292,0.031197675,-0.04141913,0.10517896,-0.041087996,0.012386964,0.026628789,0.018306458,-0.056327023,0.022058407,-0.0148362545,-0.021205066,0.09661494,-0.05877584,0.05193396,-0.027098596,0.048091367,-0.015580827,0.052968908,0.08760119,-0.02211686,-0.064274155,0.010411837,-0.0022607436,0.025445951,-0.056324825,0.061451174,0.041053515,-0.017157862,-0.04051098,-0.039768126,0.01389405,0.034731224,-0.04832159,0.037655707,-0.018879926,0.033166256,0.041887287,-0.06930183,0.064458,0.020500928,0.020644031,0.0696561,-0.07168481,0.016382486,-0.0011315031,-0.0010441187,-0.03131674,-0.026879897,-0.01003021,0.009151895,0.07098196,-0.054505903,-0.052560274,-0.033497438,-0.023238491,-0.060253747,-0.0060232636,-0.019636344,-0.024689605,-0.09192358,0.02423725,0.04783144,-0.05026155,0.040300027,-0.025062034,0.048527896,-0.029651983,-0.026221184,0.004275743,-0.034053534,-0.018376159,0.03969903,0.009318566,-0.04805341,-0.0041011916,-0.016729994,0.089266255,-0.051968396,-0.016676463,0.014289715,-0.012374343,-0.014609549,-0.017966902,-0.038846683,0.044975176,-0.0041451333,0.026217224,-0.07281984,0.011580978,-0.034456085,-0.003048898,0.08567565,-0.03877876,0.008037266,0.011947445,-0.049922124,-0.05733434,-0.022110412,-0.06410059,-0.023732,0.010736669,0.023508292,0.060747385,0.03285953,-0.023889357,0.032327645,-0.020757647,-0.048979163,-0.035177402,0.016384,0.06475154,0.03252754,-0.059493575,0.012908294,-0.062155034,0.017966753,-0.02157568,-0.053442713,0.053354252,-0.024382938,0.017790817,-0.020373652,-0.03895434,-0.044212393,0.017708912,-0.04512144,0.08820428,0.04935333,0.092521384,-0.0077288933,-0.014010222,-0.08998417,-0.036409702,0.019727234,-0.07439483,-0.02655995,0.006500378,-0.014972012,0.098620854,0.058805823,0.08373619,0.053201064,0.0518092,-0.024095066,-0.045505244,0.026416145,0.018813437,0.08823542,0.031518225,-0.053523734,-0.03247058,0.04540839,-0.035908215,0.0060236435,0.100363955,0.045088563,0.02176424,0.00078682206,-0.020485397,-0.01245378,0.012818993,-0.013791678,0.03727718,-0.029848255,0.018045189,-0.013305631,-0.046605043,0.054217458,-0.054505546,-0.06559325,-0.023607187,0.0661726,-0.057153374,0.081606366,0.023098035,-0.054026414,-0.03205169,0.071251065,0.029927043,-0.06725814,0.0363487,-0.0423742,0.030389268,0.05441649,0.014211654,0.049014732,-0.05549946,0.04450308,-0.038227696,-0.059026662,-0.056663387,-0.048906256,0.058855582,0.02282873,-0.0017496129,0.02988984,-0.04766636,0.0020342811,0.049574587,-0.025496777,-0.009279025,-0.030570783,0.0012676847,-0.04355244,-0.016922725,-0.010577285,0.04586942,0.007980644,-0.05568648,0.032122593,-0.036518045,-0.007929213,0.0038415515,0.008507896,-0.028703863,-0.05096988,-0.042576034,0.0062451675,-0.031429715,0.08872093,-0.07186236,0.015914815,-0.01732453,-0.0038311484,0.038817797,0.10873988,-0.01193445,0.017022127,0.043310415,0.042380683,0.049173888,-0.03486464,0.055132844,-0.053556062,-0.047558654,-0.044385027,-0.029413408,0.053470403,0.022098355,0.030629443,0.0023389074,-0.03966754,0.052198872,0.011436207,0.052103423,0.059710905,0.057465076,-0.0055591236,0.050842103,0.0540425,-0.09817184,0.0054232627,0.053136203,-0.008443688,0.046658482,0.036359668,0.05172929,0.023767397,0.024842497,0.0245783,-0.0002543251,0.014871522,-0.014363124,-0.0639143,0.00080393493,-0.048025474,0.019347202,-0.035561536,0.010782976,-0.009797136,-0.00090102624,-0.008463581,-0.0077941427,0.01628281,-0.017082559,-0.021400075,-0.02901928,-0.012569836,-0.097805455,-0.030435456,0.045406613,0.026136674,0.019803284,0.054856967,-0.036110863,-0.030724421,0.025970919,-0.035843592,-0.03591305,0.06266557,0.0011532889,-0.039122377,-0.08126705,0.030205386,-0.031545352,-0.07517445,-0.010799245,-0.04929639,0.0010498577,-0.03293689,-0.03986541,0.078618445,0.044259816,-0.10345259,0.0010906181,0.057765123,0.016869167,0.019785862,0.041243915,-0.047725335,-0.054396283,-0.055405732,-0.035367135,0.07082849,-0.052519348,0.09793113,0.08055533,-0.056071945,0.060684018,-0.060251966,-0.058766004,-0.01388649,-0.048811965,0.03167664,0.0337934,-0.046892248,-0.045198336,0.022509433,-0.047785237,-0.051359296,0.019306362,0.0020696847,0.054653857,-0.002057636,0.016257659,0.045947213,-0.015092509,-0.06501418,-0.050556485,0.04077015,-0.056791935,0.05146132,-0.004907606,-0.032436363,-0.009634957,-0.062529504,0.04227452,0.019202864,0.043499976,-0.052935645,-0.05952385,0.021272697,0.029355453,-0.011287263,0.004657991,-0.031360008,0.076595165,0.04697714,0.014699674,0.022034254,-0.012033326,0.020623779,0.06472976,-0.0025198925,0.04997291,0.04268722,0.010400146,-0.0074891746,-0.015517055,-0.062003624,-0.015900545,-0.039152883,-0.01594508,-0.0019584552,-0.0555565,0.0016796554,-0.05471511,0.055109195,-0.056703743,-0.07445385,-0.034434326,-0.061799623,0.036642175,0.033855863,0.07869338,0.04150333,-0.03755885,-0.031336162,0.031388544,-0.016046785,-0.07703325,0.04424156,0.059148192,-0.07672242,0.0029892162,0.032322776,-0.00077277503,0.0052053267,0.024697218,0.044980496,0.07651014,0.032409016,-0.06181875,-0.084193215,-0.041379765,0.09051985,-0.011692837,-0.080657855,-0.0044795913,0.0094050495,-0.042875633,-0.048125304,0.00022007007,0.006379317,-0.04892371,-0.01271877,0.0020340844,-0.05188016,0.06425168,0.031364433,-0.057180572,0.016377063,0.0033420413,-0.051791277,-0.03607024,-0.029284406,-0.048012853,-0.054966062,-0.016711805,0.029056681,-0.013646015,-0.02640944,-0.051230203,-0.04961501,-0.060457688,-0.0055214614,-0.011536108,0.06559359,0.06097491,0.056914914,0.05993931,-0.018227201,0.061002474,0.087536804,0.072511256,0.015296476,0.032927796,0.007636668,0.031653974,-0.015432977,0.03979209,-0.11473478,0.054088727,0.050840396,-0.035482436,-0.010162387,-0.084547766,-0.03060822,-0.008307303,0.03215038,-0.041957926,0.067666754,-0.067061484,0.039236482,0.044950068,-0.04574048,-6.542765e-05,0.027944254,-0.017091747,0.016880348,0.033996385,-0.050208993,-0.004715332,-0.021421615,-0.03279311,0.034080666,0.019194769,0.047633532,0.0045649554,0.13769375,0.014222808,0.08422161,-0.016603101,-0.06282022,0.006729366,-0.08301385,-0.0072079655,-0.03266501,0.016626906,0.025229465,0.015533463,0.025309045,0.027484791
0.02157577,0.024292355,0.07525782,-0.015112061,0.0062150736,0.018150758,-0.012610643,0.056942753,0.043311432,0.02730352,-0.016916601,-0.05346584,0.017016977,-0.0031374744,-0.04918617,0.020974398,-0.068741895,0.04669164,0.07954536,0.016063992,-0.02798564,0.06862888,-0.051284973,0.020840187,0.035040565,0.03677355,-0.04788498,0.020330748,-0.03662467,-0.012352085,0.08108782,-0.1071623,0.03793002,-0.040026132,0.068946876,-0.00017209467,-0.022652384,0.10413734,-0.0543642,-0.042843148,0.012953548,0.013572546,-0.022664394,-0.065788,0.07156679,0.039794855,-0.0344072,-0.053010993,-0.025440069,0.027284969,0.029230416,-0.04183857,0.016076384,-0.05134282,0.023290977,0.022448687,-0.07934195,0.07403733,0.036707785,0.009910442,0.08433936,-0.057478447,0.014348397,-0.05139614,-0.021300664,-0.033892322,0.0026819888,-0.009867661,0.051033244,0.06529333,-0.06986057,-0.048244406,-0.014433533,-0.038417343,-0.054381307,0.0071189646,-0.040499367,-0.060180318,-0.081249006,0.0030706418,0.07291143,-0.06065957,0.049541302,-0.02417067,0.030036947,-0.00013275773,-0.050123826,-0.0030990646,-0.034559075,-0.038086798,0.0488428,-0.018239597,-0.022179106,0.03244168,0.0032385413,0.09060123,-0.084900156,-0.0004146354,0.023763435,-0.052524686,-0.021618675,-0.013913413,-0.031481557,0.047057033,-0.018654494,0.029611746,-0.053212732,0.031754103,-0.029712573,-0.006904928,0.04342131,-0.011355419,0.015827315,0.03540816,-0.06297331,-0.06693755,-0.020419577,-0.061112396,-0.022600714,-0.018863313,0.018208874,0.07476719,-0.007861425,-0.017150562,0.05169508,-0.0213072,-0.07103903,-0.031894855,0.00823387,0.02391869,0.045812476,-0.06831567,0.011076123,-0.04326198,-0.00055719237,-0.02152199,-0.037611928,0.033246,-0.0076357434,0.038136978,-0.012196871,-0.05608279,0.0026704744,0.041459523,-0.02292687,0.09861744,0.03297461,0.10293177,-0.012025836,-0.032008935,-0.0812622,-0.05536044,0.022021811,-0.02870577,-0.019605396,0.058638547,-0.0086045405,0.097141445,0.038737856,0.07358354,0.046709,0.03315648,-0.03438411,-0.041772217,0.08972047,0.009878895,0.089081466,0.037895955,-0.05461086,-0.030290736,0.037276965,-0.035166282,0.012751181,0.048941635,0.030166112,0.05569564,-0.0043970244,0.035020668,0.023908759,-0.00069747056,0.0021104964,0.063407384,-0.049948983,-0.001455225,-0.009299134,-0.052722376,0.019332437,-0.035157587,-0.06508288,-0.0013123417,0.098359175,-0.04705291,0.05875136,0.036434542,-0.028964303,-0.023312785,0.07780757,0.047903087,-0.023449294,-0.008228934,-0.04995089,0.039520487,0.021508133,0.024622435,0.083889216,-0.06267695,0.056195028,-0.042209473,-0.0669442,-0.06936677,-0.061328594,0.03673248,0.040903576,-0.013697683,0.027319813,-0.0534375,0.06838212,0.07336269,-0.0346432,-0.031621367,-0.04717719,0.024573157,-0.07376081,0.025972875,-0.019882578,0.026375296,0.0048286244,-0.035087157,0.03493336,-0.06074962,-0.03929819,0.057513434,0.0110615585,-0.034608047,-0.015875734,-0.051356778,-0.036353577,0.016152812,0.078792706,-0.06375007,0.0065996535,0.008286435,0.007893387,0.028867323,0.069867246,0.005707956,0.005374153,0.083403856,0.052185945,0.049326267,-0.03727684,0.0413872,-0.08265521,-0.048329175,-0.07481259,-0.05224027,0.05406368,0.011850806,0.03274711,-0.0030926825,-0.028582938,0.029013563,0.02420693,0.014429634,0.04741607,0.040120907,-0.04149682,-0.012299733,0.05791512,-0.040633712,0.031737883,0.091687635,0.004078452,-0.03731259,-0.0012360458,0.06092463,0.047764085,0.014285877,0.03277162,0.005476755,0.027964478,-0.006538268,-0.031422403,0.010473301,-0.016108036,0.022434242,-0.028001675,0.0308419,0.0020307102,-0.006416042,0.015452887,-0.011756061,-0.013376235,0.023477342,-0.029126173,-0.037672147,-0.004210249,-0.057997625,-0.041464247,0.03192545,-0.010974155,0.031615578,0.09918593,-0.01145447,-0.069012985,0.016362824,-0.014793877,-0.035459455,0.08717284,-0.0076532713,-0.021605583,-0.0682221,0.045665678,-0.026799753,-0.0852679,-0.005060147,-0.02430309,0.020066213,-0.0105792815,-0.07200955,0.027238593,0.021511847,-0.069023006,-0.006356258,0.057730872,0.0061879647,0.023119453,0.059715547,-0.052374333,-0.03528292,-0.05058946,-0.0132502485,0.063188516,-0.037132695,0.10619909,0.101001784,-0.07339039,0.040718775,-0.085694,-0.03322991,-0.041599248,-0.023634829,0.050061755,0.033807617,-0.017682362,-0.046392597,-0.0042512743,-0.075659536,-0.063853145,0.00901328,-0.033811428,0.025664365,-0.014123058,0.03601728,0.043510437,-0.033435922,-0.064141385,-0.0025717644,0.048661917,-0.05278941,0.051930275,-0.02914932,-0.010726478,-0.010128814,-0.062746376,0.044521548,0.008840342,0.02000651,-0.054174162,-0.038181294,0.012147148,0.042327322,0.009274415,0.009614344,-0.008511011,0.08210932,0.009589417,0.018733438,0.050138686,0.0063077617,0.012235028,0.053850584,-0.013032478,0.04270308,0.020632794,-0.018742984,-0.044893414,-0.027868398,-0.02142403,-0.028529301,-0.04817374,-0.00037143313,-0.035163194,-0.044877186,-0.025449118,-0.05943022,0.026342958,-0.05114992,-0.06503246,-0.04709346,-0.020245185,0.0374536,0.021152906,0.019797897,0.040327016,-0.021681841,-0.055548374,0.036837865,-0.024055604,-0.04038382,0.05433005,0.0562849,-0.0632851,-0.027917728,0.048105173,-0.019608252,0.00531797,-0.0056494535,0.04587154,0.08011097,0.014449932,-0.05608471,-0.07643413,-0.01393871,0.06617692,-0.021855455,-0.06529678,-0.01993922,-0.0047606677,-0.031466357,-0.068054825,-0.013353365,0.016042596,-0.06109418,0.020529963,-0.03354229,-0.051026948,0.06749679,0.050936256,-0.036128815,0.006915755,0.0028984523,-0.026137449,-0.011871262,-0.018868547,-0.012444929,-0.049352806,-0.028323434,0.02569625,-0.03125693,-0.036804177,-0.049565345,-0.062476028,-0.06926425,-0.0004352582,-0.003609898,0.06811893,0.0561645,0.05483099,0.051867425,-0.010819621,0.017372519,0.03221528,0.07367233,0.022900807,0.05427686,0.01078957,0.04339029,-0.0149739105,0.05295835,-0.08193772,0.07268407,0.06753544,-0.0069541493,-0.006687977,-0.071136355,-0.048707973,-0.01305325,0.027328216,-0.058878418,0.07905462,-0.041307267,0.01945983,0.089332454,-0.03705184,-0.024151642,0.025769118,-0.012338975,0.02689964,0.041518774,-0.05527936,-0.006036589,-0.019600658,-0.05334593,0.047471303,-0.0011266303,0.026031412,0.02828043,0.09976602,-0.0039445953,0.07707024,0.02425789,-0.066332765,-0.033152394,-0.081592925,-0.0064245807,0.0005204114,-0.004242847,0.011008976,0.017932283,0.00025733706,-0.008569424
-0.024354177,-0.010997413,0.025645658,-0.010734247,0.022543877,0.034498993,0.0050153728,0.030177807,0.026439685,0.011674494,0.0037567965,-0.024823818,-0.0062882835,-0.0013232605,-0.04372036,0.065185845,-0.055264372,0.04780559,0.04711363,0.06695466,-0.0571704,0.07838575,-0.07603738,0.0042798887,0.002445978,0.016046798,-0.089219615,0.011494026,-0.0065348893,0.0025487775,0.07714779,-0.065386504,0.030421844,-0.066339344,0.06154451,-0.023288976,0.030138662,0.09807985,-0.023835381,-0.033057246,0.020323185,0.031113483,0.023327017,-0.01862736,0.07368943,0.045367297,-0.017974561,-0.04286079,-0.060798414,0.009230386,0.02361132,-0.03736184,0.02474329,-0.017314818,0.0022579539,0.06889208,-0.078206815,0.058458593,0.039930798,0.024047537,0.0863217,-0.052817464,0.023601623,0.021299567,0.0024418933,-0.010242763,-0.0134899635,-0.027823433,-0.016710596,0.05631171,-0.07023977,-0.040451825,-0.019663665,-0.029139413,-0.039418533,-0.010037078,-0.023776798,-0.011727243,-0.10086179,0.030465294,-0.0016848947,-0.02764777,0.07385207,-0.013854149,0.05805971,-0.007286871,-0.021238867,0.02349417,-0.04640813,-0.04823484,0.030882843,0.020182813,-0.038799666,0.02576745,-0.007714514,0.09337996,-0.06498974,-0.00010660064,-0.0020107804,-0.035279747,-0.022977203,-0.0077591822,-0.018847423,0.050575446,-0.045314092,0.022897908,-0.052955747,0.042459674,-0.04228576,0.015424604,0.066690065,-0.037470605,0.024229765,0.032084778,-0.031353664,-0.08959304,-0.041926697,-0.07533053,-0.017032096,0.013587243,0.012293797,0.04827007,-0.010199965,-0.022998828,0.041196086,-0.013038664,-0.07607016,-0.0006642105,0.02818584,0.040352248,0.06839681,-0.05928525,0.013957022,-0.04008186,0.020897064,-0.03450656,-0.045279264,0.032959383,-0.0019257672,0.045041207,-0.0054208315,-0.026213778,-0.013068843,0.029235778,-0.06861585,0.044505697,0.04318711,0.10804025,-0.0018531259,-0.021844298,-0.085297346,-0.0504017,0.054174613,-0.051686086,-0.0012009436,0.038575754,-0.004122069,0.11447575,0.03599595,0.06714445,0.062013436,0.041022208,-0.011500926,-0.05093814,0.043431528,0.03364532,0.062633224,0.05497442,-0.040008932,-0.029209,0.0953105,-0.028191365,0.028927982,0.08099194,0.08138321,0.04140381,0.02260591,-0.014891453,-0.01872673,0.04601292,-0.037966717,0.07240611,-0.026897546,0.004206361,-0.015044676,-0.05244642,0.044883154,-0.069601856,-0.061671227,0.008892836,0.090632856,-0.050544992,0.038757306,0.01770437,-0.044751193,-0.02159229,0.058103446,0.06586306,-0.07380534,0.04321847,-0.05276329,0.024915596,0.0073213233,0.035338238,0.036028225,-0.052906882,0.04114286,-0.050270215,-0.06768595,-0.07159588,-0.07066781,0.04783358,0.045946125,0.011308005,0.025076477,-0.040168546,0.009645552,0.05411596,-0.028842283,-0.010791689,-0.02991499,0.016506298,-0.03501058,-0.024787616,-0.044191103,0.024165604,0.0120014055,-0.08666739,0.03417463,-0.03343625,-0.022670794,-0.0072894515,0.026640113,-0.013135683,-0.042250156,-0.043185133,0.004710276,-0.016380142,0.08608758,-0.074554905,-0.02500705,-0.013041427,0.0121640805,0.037066758,0.072134346,-0.00786,0.0054147863,0.05594549,0.047408182,0.03674051,-0.013860668,0.05207083,-0.06942366,-0.023818778,-0.04318194,-0.009110152,0.037051883,0.015467787,0.025237052,0.009096207,-0.05024591,0.035347123,0.016769866,0.019853923,0.03764756,0.04468432,-0.019515859,0.022681512,0.056488577,-0.111104585,0.008342427,0.08375619,0.01339371,0.047669407,0.025176054,0.038042687,0.041977286,0.01453835,-0.00033521614,-0.002167941,0.051874857,-0.012098503,-0.04426774,-0.010023262,-0.01995037,0.0032451132,-0.041007206,0.0049811685,0.004668089,0.013167734,-0.00026161614,-0.0356611,-0.0055899364,0.00545109,-0.04391166,-0.025622,-0.033187047,-0.079522155,-0.018535433,-0.005382217,0.024724143,0.00069782574,0.06712195,-0.045297444,-0.07332556,0.041560385,-0.03881602,-0.0053215143,0.07226689,0.0018882615,-0.01506684,-0.06658269,0.052182112,-0.024035832,-0.07395302,0.011694508,-0.054099172,0.024196114,-0.0069231587,-0.06767827,0.05763999,0.029690567,-0.076697566,-0.012558449,0.06891564,0.026451997,0.021757498,0.059938684,-0.05183896,-0.027980406,-0.0648055,-0.0117131835,0.041052215,-0.054560345,0.10911982,0.07631545,-0.062566206,0.03179655,-0.05409594,-0.08257205,-0.028821431,-0.04241917,0.024098948,0.03367601,-0.04035013,-0.05920482,-0.006447137,-0.053100105,-0.057865582,-0.0046482426,-0.0006296341,0.062218633,-0.027455049,0.02743547,0.029514482,-0.02165927,-0.046932098,-0.0034807795,0.054540504,-0.053151447,0.039859787,0.011619549,-0.009982353,-0.026677197,-0.053241994,0.045957047,-0.021058911,0.0469079,-0.078197055,-0.03823957,0.03318003,0.048347853,-0.0014948507,0.009276749,-0.017748442,0.07682221,0.021723263,-0.015058987,0.037095293,-0.02290549,0.01894459,0.071070135,-0.043842573,0.041549575,0.0053533833,-0.028416784,-0.010187912,-0.03266135,-0.06176196,-0.025438089,-0.022606818,-0.016182423,-0.0094682025,-0.048753206,0.025667151,-0.044387322,0.06500861,-0.04076251,-0.052643027,-0.056956045,-0.064516954,0.0378796,0.024960464,0.05553738,0.034120217,-0.04704355,-0.054160092,0.009261563,-0.041686952,-0.022324726,0.052681193,0.059273668,-0.06542535,-0.024614312,0.07040726,-0.016196946,0.01720915,0.013060074,0.042030994,0.053254772,0.032972965,-0.063272625,-0.08848664,-0.014044735,0.06756936,-0.004243462,-0.07992296,-0.0020675894,0.009202461,-0.011146488,-0.054135114,0.030304,0.026438184,-0.044141028,0.00017141984,-0.0054776017,-0.023272175,0.052290868,0.04256663,-0.04617868,-0.016637357,0.043625433,-0.02003363,-0.028090386,-0.002347424,-0.03371676,-0.04652256,-0.011893258,0.03471794,0.0038488905,-0.039681923,-0.033119068,-0.06600737,-0.057147782,-0.0022073966,-0.0352623,0.06364643,0.049786042,0.056607023,0.06681259,0.004501054,0.023461029,0.04995653,0.0711771,0.03485773,0.036312897,0.03928713,0.030457,0.0023914252,0.027129002,-0.09431166,0.03576422,0.046929963,-0.0658447,-0.025327094,-0.06799904,-0.041654002,-0.014127412,0.042269263,-0.06601294,0.06757289,-0.08077224,0.076750785,0.06728812,-0.04695156,-0.0029406145,0.015326299,-0.0066882293,0.041230526,0.052264664,-0.06687684,-0.020071546,-0.019741226,-0.035894137,0.05589969,0.02676407,0.07276349,0.012337907,0.09916858,0.0030962378,0.06115785,-0.011716947,-0.067272976,-0.011412752,-0.060662754,-0.0061396193,-0.039723817,0.028811038,0.045390535,0.05203174,0.043896355,0.037602376
-0.0058344794,0.024144202,0.073698334,0.0115366755,0.0011603634,0.045314744,-0.010842006,0.06519221,0.036982637,0.032105718,-0.0044142934,-0.038990382,0.03599546,0.007928993,-0.04656044,0.056989156,-0.029678235,0.051150028,0.06449202,0.02177449,-0.03474315,0.07008467,-0.053708773,0.014234838,0.01338538,0.030185837,-0.050566774,0.013550562,-0.0025446413,0.0038925128,0.09448446,-0.029336367,0.051480185,-0.0738142,0.0697444,0.012459263,0.061588142,0.09755008,-0.001412372,-0.039681043,0.0040244437,-0.007889995,0.014973162,-0.06122478,0.07920419,0.011641098,-0.071418375,-0.02624553,-0.02766707,0.01703329,0.026407486,-0.05856281,0.0055595734,-0.030286634,0.03957512,0.059572708,-0.049688753,0.06169746,0.04128516,0.015555879,0.06327394,-0.043747447,0.007532835,-0.011826527,-0.03665307,-0.035811,-0.021185955,-0.008054787,0.010337737,0.06179755,-0.04299817,-0.05401171,-0.05291827,-0.024044562,-0.05121596,0.026177373,0.0099917585,-0.0051170182,-0.082337655,-0.008352408,0.0022732965,0.010430722,0.063656665,-0.028710758,0.06583785,-0.003412668,-0.028591683,0.03835329,-0.039597888,-0.054376964,0.0063283583,0.0074626855,-0.038961124,0.009246476,0.010156684,0.0907833,-0.045367874,0.024003744,-0.008176863,-0.01522539,-0.057176434,0.015532606,-0.021971267,0.038138103,-0.024890084,-0.028848492,-0.04369914,0.028285317,-0.06372915,0.0301102,0.061080143,-0.01236005,-0.01622695,-0.022991084,-0.034558833,-0.049157266,-0.069494985,-0.06920371,0.013868447,0.035202984,0.0013299072,0.06728262,0.048654757,-0.04848038,0.053412955,-0.03850292,-0.0482392,0.023621952,0.017143097,0.057994217,0.05750968,-0.086173676,-0.0020695124,-0.03481625,0.003444381,-0.03543699,-0.014563625,0.032722123,-0.029206203,0.062136464,-0.007875075,-0.023040531,-0.050539047,0.02038886,-0.06851875,0.036380958,0.049141858,0.07256941,-0.026697237,-0.039793976,-0.08371746,-0.020218316,0.024398355,-0.03618994,0.0022427486,-0.012104785,-0.008472856,0.12263353,0.06271602,0.063336134,0.0065792217,0.06019933,-0.030285414,-0.043716054,0.042218376,0.0065502473,0.043321468,0.03031231,-0.03581758,-0.03127225,0.062401135,-0.043562334,-0.0020984032,0.08778012,0.018347774,0.035836674,0.04484022,-0.011965755,-0.026580593,0.046109043,-0.030694015,0.03946703,-0.04109588,0.03516158,-0.02458713,-0.041801237,0.062215302,-0.06505849,-0.0524739,0.00322034,0.05227084,-0.056782722,0.010696912,0.022286668,-0.030198678,0.0076139187,0.06626664,0.066379696,-0.08879531,0.031313006,-0.025886733,0.0020888145,0.043740053,0.07756425,0.05122366,-0.07863433,0.022216707,-0.035033308,-0.05752673,-0.033157587,-0.067412086,0.057742216,0.031884808,0.027322186,0.063504174,0.0013085562,0.016231397,0.07135706,-0.049042363,0.022880426,-0.02125352,0.015547208,-0.063985094,-0.049236495,-0.031017615,0.049049415,0.02327652,-0.064852275,0.03755665,-0.023859465,-0.007148343,0.00049579627,-0.015181423,-0.0497664,-0.071186624,-0.057088934,0.009280584,-0.016640853,0.051776808,-0.08863331,-0.006785785,0.008947695,0.04040246,0.011371508,0.08078738,-0.041827045,0.021054674,0.04168837,-0.0049023037,0.03603241,-0.05355837,0.02970692,-0.06615082,-0.03485078,-0.048067793,-0.049252324,0.050115064,-0.0040352712,0.005248505,-0.017108375,0.014458706,0.02348367,0.021908,0.016763471,0.05734562,0.032123927,-0.039092544,-0.004855282,0.027272584,-0.07320478,0.0048862873,0.05784592,0.05077708,0.06045846,0.03775333,0.015227206,0.057585366,-0.0188546,0.026325798,0.022125643,0.015128791,0.010848534,-0.03531675,0.024957843,-0.027431307,-0.00294736,-0.0143601205,0.0052895793,0.009193286,0.012764474,-0.029116858,-0.018206224,0.020603191,-0.0073662996,-0.04129416,0.011145999,-0.0046846354,-0.112294696,-0.034304895,0.022244848,0.03607504,0.029121269,0.0045855213,-0.030701213,-0.03372738,0.033149827,-0.015536744,0.011089163,0.06426221,0.0068870815,-0.00048923073,-0.014162118,0.04298469,-0.015951542,-0.055768255,0.037366543,-0.084670335,0.017520085,-0.030072398,-0.06945345,0.032348044,0.025876598,-0.07930441,0.0016690227,0.08327465,0.00084382226,0.021415245,0.04981194,-0.043699894,-0.021312807,-0.06844869,-0.042003136,0.043947823,-0.053209167,0.06951908,0.08805368,-0.07081874,0.05260249,-0.043522373,-0.0040521645,-0.025840594,-0.010635081,0.04048769,-0.025427373,-0.034716073,-0.051220257,-0.012230178,-0.06556953,-0.09265423,0.02140355,0.0144897,0.044306457,-0.012004053,0.01804527,-0.003522422,-0.04264883,-0.11841541,-0.022214415,0.069487564,-0.05177035,0.04900239,0.00075355545,-0.030073784,0.0037859587,-0.06977003,0.07376094,-0.03057728,0.01968503,-0.052819442,-0.055628277,0.005036814,0.091704905,-0.014539381,0.034323774,-0.022215763,0.036457248,-0.0054755965,0.006854448,0.013796759,-0.03819844,0.039867174,0.043213677,-0.018684674,0.03416043,0.027434632,0.025053823,-0.01130623,-0.022559423,-0.061840225,-0.025595378,-0.023017121,-0.02558981,-0.006152015,-0.053559158,-0.008684467,-0.02514102,0.056887012,-0.01895721,-0.081851475,-0.062573716,-0.048414435,0.048148673,0.018957525,0.08719254,0.08101652,-0.04992985,-0.048871942,0.006986715,-0.061703518,-0.055010237,0.07124148,0.056032535,-0.032739848,0.0016432236,0.04316291,-0.037597843,0.012309553,-0.0032918348,0.011995874,0.034251865,0.06896106,-0.030195298,-0.09661841,0.002968641,0.08628694,-0.020128075,-0.08725493,-0.014365516,0.006965646,-0.052156463,-0.053898945,0.027373845,0.04541669,-0.046478912,-0.015166091,-0.013163493,-0.044083603,0.049430072,0.09569029,-0.04322441,0.0030543315,0.049817562,-0.05387748,0.008348799,-0.012155218,-0.06047616,-0.04510141,-0.031544007,0.040990908,-0.016719691,-0.05716274,0.016483223,-0.008955083,-0.07178423,-0.0063478528,-0.03141402,0.0068760864,0.09352753,0.051242743,0.11234264,-0.019278245,0.076861195,0.027721042,0.053081278,-0.00043219217,0.026194394,0.023332886,0.006962765,-0.02931383,0.051541224,-0.10128334,0.048732433,0.0397106,-0.04682256,0.0025613713,-0.04198964,-0.073658876,0.009374388,0.030328304,-0.07178438,0.050721902,-0.07051571,0.061394192,0.052927554,-0.05302792,-0.012642451,0.05269157,-0.03112919,0.013509849,0.015502056,-0.06588309,0.005786746,-0.041154895,-0.054919835,0.047334075,-0.0031166815,0.050714217,0.012372574,0.11390282,-0.008611788,0.0806768,-0.02611843,-0.02171721,0.017104398,-0.03676211,-0.00025421917,-0.021604184,-0.008130393,0.0092191445,0.06151277,0.018299576,0.0071774866
-0.0061872066,0.036140982,0.048215795,-0.0046706903,0.01176676,0.024523225,0.010545356,0.036507674,0.072840884,0.014918353,-0.022541158,-0.03809624,-0.008367822,0.01232364,-0.034007132,0.062882625,-0.028217785,0.042377047,0.042976502,0.027710075,-0.033492595,0.05012492,-0.050939932,0.026582623,0.009150997,0.035130035,-0.0677917,0.024132878,-0.05959963,-0.007156354,0.08471231,-0.050272282,0.016296437,-0.031512555,0.058403276,0.007522216,0.042927716,0.06983547,-0.009996288,-0.08514617,0.044279937,0.025939617,-0.027188767,-0.06482407,0.06426294,0.0008801547,-0.05000549,-0.058410306,-0.012722765,0.0015978868,0.031690385,-0.07286746,0.03348615,-0.021888828,0.040457603,0.048775464,-0.01820933,0.056387767,4.8544796e-05,0.028593114,0.074663855,-0.060730428,0.03132586,-0.010382223,-0.031004215,-0.02272987,-0.008244729,-0.009702904,0.015511169,0.07599193,-0.061647356,-0.04971754,-0.019099405,-0.022193922,-0.009010294,0.0021188986,-0.050504696,-0.03049763,-0.11974225,0.010886713,0.0153205255,-0.013260739,0.05874076,0.014572123,0.03890189,-0.005851866,-0.06250544,0.015575421,-0.05836424,0.012004844,0.01664981,-0.023324853,-0.02193091,0.01962458,-0.013347262,0.058452144,-0.066529505,-0.030561883,0.012144899,-0.034271374,-0.018436765,-0.010424014,-0.028440287,0.052371148,-0.0074897744,0.03372659,-0.06262558,0.05360975,-0.03623366,-0.0028940567,0.0445507,-0.027135948,-0.010089795,0.01756491,-0.03340354,-0.035714917,-0.060639907,-0.03796949,-0.005263964,0.0076607717,-0.0069859936,0.06747764,0.026129065,-0.017725699,0.040855255,-0.028015755,-0.040049724,0.0024986616,0.017941538,0.06207566,0.05978427,-0.05419218,0.0022654522,-0.049564045,-0.0035565365,-0.02067616,-0.024892388,0.054291666,0.0042672954,0.04056147,-0.059772234,-0.040797018,-0.047979653,0.014491681,-0.055924654,0.062463213,0.066505894,0.08070961,-0.03082883,-0.05709923,-0.101131655,-0.020574542,0.026562339,-0.046537947,-0.04761221,0.04766804,-0.033066377,0.10665284,0.013162441,0.0686248,0.05062195,0.045234002,-0.040474337,-0.063327484,0.026208412,-0.018554913,0.06754106,0.06122338,-0.04176475,-0.027282428,0.0522587,-0.024278674,0.029911285,0.04634867,0.045445357,0.043990847,0.0117854895,0.018186102,0.02167946,0.028235376,-0.02086772,0.08561889,-0.06547681,0.04074112,0.0032334977,-0.04463805,0.041476045,-0.0317149,-0.05197868,0.040059462,0.06145335,-0.08892496,0.05024334,0.029282887,-0.01861439,-0.03094716,0.04141954,0.03150902,-0.06353961,0.008465663,-0.07598331,0.013241386,0.05954093,0.015641714,0.04186484,-0.064240366,0.010345202,-0.052910835,-0.07817285,-0.028093692,-0.07901483,0.020366745,0.070576936,0.038278323,0.048694786,-0.05417392,0.0365493,0.08016159,-0.044090323,-0.010438058,-0.029244887,0.040827468,-0.03687678,-0.026022473,-0.03523136,0.036028676,0.012216295,-0.055754144,0.01821173,-0.035219654,-0.022787023,0.0036042216,0.039620582,-0.035797156,-0.056618527,-0.040322732,0.0052657234,-0.011810236,0.078773856,-0.06383474,-0.00513486,0.007907947,0.008899706,0.0012575166,0.092758805,-0.013553731,0.02382724,0.015166966,0.040962532,0.039436866,-0.03552426,0.036020886,-0.018198775,-0.031108495,-0.04678253,-0.06360727,0.04490111,0.035541944,0.0055481736,0.04080971,-0.026917545,-0.00964222,0.048927616,0.03792751,0.057045124,0.037555434,-0.033986766,0.037308373,0.049105257,-0.07468047,-0.013424147,0.08353421,0.024512101,0.02010596,0.02982165,0.02751012,0.056313444,0.03318841,0.038917426,0.007611038,-0.016343638,0.021553572,-0.034457434,-0.03830058,-0.06431914,0.013881731,-0.00670376,0.029931743,-0.016277619,0.03121611,0.0044686,-0.00989126,-0.026738739,-0.0033533846,-0.03407828,-0.040938128,-0.011332829,-0.10267377,-0.068397954,0.028453039,0.029707877,0.012026618,0.06494612,-0.038981862,-0.049471267,-0.000979745,-0.0064810254,-0.0020277633,0.06552458,0.007489239,-0.010805115,-0.06091601,0.07346294,-0.04272195,-0.07512768,0.032323632,-0.04502416,-0.009878525,-0.010096593,-0.05452404,0.049374122,0.0591342,-0.0548896,-0.0006426331,0.054958615,0.02074131,0.0043658665,0.077298164,-0.007069047,-0.040344745,-0.066006824,-0.009159057,0.085589014,-0.03737953,0.09005092,0.051305536,-0.087935954,0.03268302,-0.04402144,-0.027238773,-0.03453123,-0.034948546,0.057525937,0.02863865,-0.030348055,-0.06977097,-0.027997395,-0.034501325,-0.089249,-0.0028011992,-0.008158781,0.059408706,0.020110676,-0.00037294574,0.05175775,0.009502939,-0.066211596,-0.042083967,0.08300145,-0.03931011,0.033398263,0.031058846,-0.016188338,-0.010193205,-0.09501414,0.0489285,-0.001578586,0.026720665,-0.054548696,-0.06921626,-0.01724314,0.044572726,0.004757113,0.03996479,-0.058828283,0.055202052,0.033009723,0.029464997,0.03211563,-0.037708126,0.006620447,0.059893362,-0.027047079,0.035512645,0.038945578,-0.0023350746,-0.029058943,-0.054589957,-0.054389324,-0.036575172,-0.005500748,-0.0049708877,-0.009952277,-0.04989328,-0.002319564,-0.08983534,0.03195428,-0.054294754,-0.07665663,-0.044101488,-0.063409135,0.062029034,0.04362832,0.058652185,0.06449559,-0.042755507,-0.054089267,0.021431679,-0.0072876024,-0.050778985,0.08886974,0.036237486,-0.045852832,-0.014814234,0.0825317,0.0011995925,0.01970933,-0.0046161404,0.005458895,0.05112496,0.053231426,-0.040582437,-0.058567505,-0.027535168,0.049601596,-0.03291139,-0.086475365,-0.022842279,0.030009646,-0.0065498706,-0.04634234,-0.014508559,0.037180845,-0.027608583,-0.017559439,-0.0070662596,-0.01674445,0.03091559,0.058542266,-0.025983037,0.003712452,0.042287484,-0.054856867,-0.024482662,0.0005668933,-0.017880607,-0.08249489,-0.015258159,0.05685332,0.0114316,-0.05314387,-0.012904319,-0.08102501,-0.08673682,0.023918409,-0.027923288,0.08998373,0.07937739,0.016599076,0.077644266,-0.032220013,0.052015886,0.031019477,0.07741736,-0.0031807718,0.024345592,0.046946563,0.021260118,0.015777702,0.062382646,-0.08373522,0.045383513,0.05909568,-0.01281208,0.006040422,-0.07515376,-0.059779435,-0.005169003,0.0023724455,-0.07453442,0.08885024,-0.06776651,0.028602285,0.04170786,-0.011976602,-0.026027901,0.005040277,-0.027866881,0.03836715,0.060305297,-0.033356033,-0.0058541954,-0.015858732,-0.033083737,0.08024063,0.014192108,0.05960933,0.020993909,0.085051574,-0.009838303,0.07760057,-0.0067376355,-0.0757722,-0.033376224,-0.055253293,-0.014683952,-0.02195083,0.009461699,0.016652338,0.059287053,0.016334467,0.0013082363
-0.023523247,-0.012058276,0.050139695,0.02773834,0.0045651514,0.040995404,0.007483171,0.06166185,0.045799613,-0.016430007,-0.018779445,0.0115243755,-0.020842116,-0.025164722,-0.05483841,0.051992588,-0.022710372,0.063717425,0.017316237,0.014746512,-0.03855976,0.075696565,-0.08197805,0.042169724,0.010249358,0.03631612,-0.07218493,0.009210704,-0.028503207,-0.006613679,0.08570098,-0.060145978,0.070224725,-0.074679516,0.05580534,-0.009337564,0.035957128,0.0660431,0.010909111,-0.055618092,-0.034352995,0.052319515,0.009489895,-0.04926928,0.05275059,0.007732832,-0.018312536,-0.09650989,-0.029960291,0.00096460513,0.018734258,-0.024311014,0.052981686,-0.010818543,0.0013641069,0.056369856,-0.00378749,0.039645497,0.04086107,0.03638386,0.084588364,-0.06814931,0.017719775,0.0088449,-0.011483727,-0.013876693,0.01810636,-0.014967481,0.0015051019,0.06129787,-0.077059984,-0.04898363,-0.025764478,-0.0046782377,-0.022212453,0.006563019,0.025397435,-0.018756222,-0.09804064,0.052907385,0.019533422,-0.027614279,0.052986022,-0.024173329,0.05859552,-0.0028972551,-0.048006732,0.012127465,-0.07588544,-0.021175984,-0.006000147,0.0033152695,-0.023905681,0.012354115,0.046895277,0.057277154,-0.019493097,-0.015627414,-0.011698441,-0.03318374,-0.06486341,-0.031005803,-0.0067873937,0.084350094,-0.032323774,-0.0021499633,-0.053290512,0.07557113,-0.060236022,0.046048597,0.056994237,-0.006241277,-0.0078583,-0.018157223,-0.015633006,-0.07114615,-0.0059328806,-0.059803247,-0.04967431,0.0049156994,0.024023928,0.072554715,-0.012523748,-0.054011907,0.021043122,-0.034415796,-0.059506606,-0.003794612,0.051907044,0.043667983,0.020789053,-0.056015342,0.005027711,-0.057268415,0.024127113,-0.023704844,-0.022870345,0.06334075,0.013919938,0.0244893,-0.03354431,-0.051784668,-0.052540444,-0.015200592,-0.073703654,0.04851653,0.07289688,0.08635501,-0.005309507,-0.014339354,-0.07645118,-0.04889963,0.020919256,-0.07771792,-0.040988993,0.025487658,-0.0037796693,0.11457716,0.033646654,0.042267255,0.057458878,0.07655915,-0.046251234,-0.04779526,0.067276195,0.006769718,0.052060787,0.02516369,-0.05041055,-0.0065100677,0.05586532,-0.022459565,0.027464788,0.091645665,0.048937023,0.028021112,-0.0024089022,-0.017344706,0.009007114,0.02965589,-0.035480414,0.039067455,-0.06311974,0.02576369,-0.017523812,-0.05636973,0.058977164,-0.02013796,-0.085386686,-0.0005124915,0.10330628,-0.01786878,0.021477921,0.035521902,-0.062803656,-0.045530852,0.031945832,0.039239638,-0.08701501,0.062642194,-0.084899895,0.03140633,0.050510455,0.025062634,0.020158613,-0.04092941,0.033470634,-0.031810153,-0.104963414,-0.06624495,-0.054027382,0.0743387,0.027783155,0.034322433,0.04953208,-0.051396232,-0.0025991409,0.0709212,-0.04364381,-0.009269603,-0.02711673,0.0011022576,-0.04600289,-0.0460112,-0.034263868,0.037655316,-0.012139327,-0.073169276,0.03635666,-0.026884628,-0.020342806,0.0022702436,0.013658929,-0.0118345255,-0.041484196,-0.02020338,0.012000635,0.011125276,0.09915609,-0.0454896,0.00023848798,0.026289916,0.020744031,0.0021196087,0.081657894,-0.026305536,0.0068124924,0.052672412,0.036090847,0.05478324,0.0023666525,0.04561467,-0.043928254,-0.051153734,-0.051247187,-0.04001425,0.048497934,0.013138282,0.020332174,0.008610045,-0.033754416,0.045787238,0.042855486,0.020606482,0.008878779,0.052060433,-0.0041568563,0.004519688,0.03362001,-0.053264417,0.023109585,0.058863666,-0.022295933,0.044792514,0.013392338,0.03684262,-0.0012078551,0.0077031823,0.018800057,0.0018167956,0.011803074,0.006161075,-0.036879838,-0.01710519,-0.058326647,0.014053776,-0.017422087,0.025474593,-0.00012030049,-0.0007875924,-0.008552266,-0.030982852,-0.006491008,0.019828293,0.0005011392,-0.028299687,-0.00090217864,-0.050519228,-0.030361282,0.049500603,0.04141408,-0.012027373,0.07391209,-0.038561184,-0.029260565,0.03993466,-0.042750463,-0.05182685,0.04930025,0.020536166,-0.03822649,-0.073736586,0.071418226,-0.039189834,-0.096011974,0.0017107421,-0.056355532,0.011713629,-0.031459484,-0.03171362,0.06913369,0.048793595,-0.07683129,0.0059896996,0.026403723,0.018642994,-0.00095711095,0.089158535,-0.0069750133,-0.036084082,-0.06791258,-0.0012191214,0.0699556,-0.019643687,0.06877181,0.057680406,-0.10623284,-0.019580293,-0.01728029,-0.04944255,-0.0147721525,-0.0059092813,0.025376074,0.016905246,-0.060248174,-0.09943896,-0.016571812,-0.038168628,-0.076145835,0.019024992,0.010810233,0.092458695,-0.007845186,-0.023994206,0.04018186,-0.025234573,-0.05316506,-0.028749574,0.0956516,-0.04455576,0.03399565,0.018605668,-0.014110067,0.0009816864,-0.07204083,0.012495585,0.012506124,0.04967312,-0.036040634,-0.06891868,-0.007348099,0.07216887,-0.019878628,0.061970253,-0.021535521,0.063564725,0.047579106,-0.025181396,0.036874954,-0.03609224,-0.0005462341,0.040028226,-0.0625769,0.02985414,0.0042769164,-0.003420651,-0.010690923,-0.032196674,-0.021341378,-0.040422767,-0.03660954,0.011363167,-0.0029085844,-0.052772872,-0.0014487994,-0.107249945,0.0041584973,-0.0382443,-0.07710716,-0.059480418,-0.046304297,0.038587347,0.06986283,0.041241005,0.025632026,-0.03374115,-0.055822905,0.022828514,-0.029973252,-0.046193574,0.043958373,0.03271934,-0.063186556,0.005985048,0.040826637,0.01145214,0.057653163,-0.0054238955,0.01996014,0.08548238,0.068376064,-0.046509523,-0.085348554,0.0100959735,0.0661639,-0.042517684,-0.06275565,-0.024192702,0.07285738,0.017103732,-0.05249863,-0.010876124,0.002871616,-0.029078372,0.016544905,0.015148353,-0.05019639,0.0055674557,0.07516528,-0.05149489,-0.008351567,0.04745343,-0.07270112,0.00073618244,-0.022716299,-0.029872669,-0.05686973,0.009687409,0.024303604,0.038841214,-0.033992946,-0.05268307,-0.03570074,-0.06439947,0.011824137,0.0009038011,0.06327068,0.0644255,0.017394979,0.05526324,-0.032917555,0.074839674,0.0730268,0.08226624,0.0072016055,0.01719352,0.014178365,0.032131884,-0.017565195,0.032697074,-0.08642307,0.01464647,0.054857556,-0.029007846,0.0023707144,-0.04420506,-0.039619118,-0.040932707,0.003538577,-0.033534534,0.054364692,-0.077721976,0.030710299,0.07340357,-0.034151647,-0.010307935,-0.013660922,-0.02863313,0.039464574,0.028951202,-0.05706176,-0.017176513,-0.024865642,-0.03683527,0.011847168,0.019179752,0.04730966,0.027469711,0.08391334,-0.013785357,0.09416608,-0.006627937,-0.04501825,-0.005769054,-0.077266224,0.023289684,-0.019282049,0.02086678,0.0431376,0.046982285,0.03869928,0.015572115
0.007775394,0.017047694,0.046900723,0.051448002,0.0031249458,0.025935011,-0.005792577,0.05434376,0.054396473,0.0045045833,-0.000569813,-0.025534518,-0.040806234,-0.025443796,-0.059250794,0.05391885,-0.06034928,0.055291563,0.05606228,0.011455047,-0.040022794,0.055051405,-0.04784098,-0.004779811,0.038905866,0.029057056,-0.034773916,0.010512276,0.0095541915,-0.004941525,0.07562627,-0.068578675,0.034721736,-0.039572153,0.07109918,-0.012124243,0.04619814,0.09882473,-0.0044754166,-0.073302746,-0.004755116,0.008085671,-0.009346907,-0.06721849,0.07623142,0.012802938,-0.020670973,-0.042637173,-0.0142161995,0.025608996,0.012182668,-0.03501979,0.030779589,-0.0018941922,0.058045316,0.036106344,-0.042960286,0.099259734,0.013395438,0.013810207,0.08350848,-0.080150634,0.0021513628,-0.00698976,0.002438788,-0.04234224,0.00082897773,-0.023041118,0.009688065,0.07774334,-0.054010134,-0.059076037,-0.02689235,0.0056856987,-0.041308913,0.0040905904,0.0037115915,-0.034688696,-0.10476839,0.017134696,0.009700952,-0.039490264,0.049445443,0.0006189897,0.055601798,-0.0069527566,-0.01841692,0.016079571,-0.052334752,-0.02324125,0.054560006,-0.009447269,-0.053160343,0.010647736,0.032781594,0.08087667,-0.042778566,0.004991349,0.0071340613,-0.04072483,-0.04778418,0.011089488,-0.04948838,0.04702937,-0.030802818,0.0005620298,-0.10001822,0.036706086,-0.05925892,0.011047184,0.043678876,-0.037950408,0.017937137,0.0029456704,-0.01663065,-0.04058787,-0.045910385,-0.07277477,-0.02738081,0.0330866,0.05180839,0.080043845,0.016619919,-0.04932456,0.030078838,-0.047820847,-0.04798697,-0.01974377,0.018874917,0.0680491,0.045745187,-0.04404418,-0.0064239623,-0.0417355,0.0146138435,-0.01883779,-0.018491693,0.0127844,-0.00944877,0.04107362,-0.022115463,-0.045172613,-0.036745507,-0.015327948,-0.07568878,0.05832373,0.055516317,0.07936882,-0.008898871,-0.04235127,-0.074200824,-0.04483442,0.008148527,-0.09913273,0.0041527944,0.005512236,-0.0029816073,0.098596536,0.05038226,0.0752571,0.057392117,0.08293249,-0.058700405,-0.025884027,0.049965274,0.02065998,0.07712963,0.061887734,-0.037040204,-0.04696998,0.059939824,-0.050502118,-0.034330107,0.07336449,0.05294672,0.040666416,-0.01683263,0.0028804846,0.012780897,0.004744846,-0.018920094,0.049686775,-0.08148478,0.017632935,-0.041402347,-0.04081836,0.07958784,-0.035815816,-0.07146835,0.031113982,0.0877189,-0.036280088,0.039263226,0.025923947,-0.036417164,-0.015981132,0.077772126,0.04052555,-0.08045239,0.039770816,-0.08481006,0.025971271,0.060239423,0.013078084,0.06388818,-0.079609126,0.033738226,-0.033348292,-0.080654636,-0.035182226,-0.052626677,0.044170875,0.040476456,0.03526746,0.057702105,-0.032991935,0.022904186,0.07718872,-0.041625556,-0.01961795,-0.04204991,0.028039563,-0.051754963,-0.019837279,-0.019320706,0.049772672,0.012436128,-0.03991799,0.019300286,-0.045028444,-0.040405523,0.028089283,0.009391106,-0.049324494,-0.051818717,-0.07281556,0.00043759355,-0.042109553,0.10016666,-0.07807639,-0.019115971,-0.0033837548,0.026046136,0.007494077,0.05576857,-0.008194747,0.00898496,0.06401784,0.041475262,0.04270981,-0.037475005,0.06357964,-0.062003575,-0.05338872,-0.049160726,-0.0379623,0.063474014,0.012340741,0.013124531,-0.0108071845,-0.0148204835,0.026527226,0.048909992,0.01843283,0.039403506,0.026473967,-0.015448378,0.02336887,0.013849664,-0.07080731,0.014274869,0.082893334,-0.005877528,0.02455034,0.023250233,0.035883766,0.029031288,0.0028260103,0.04255799,0.010563688,0.00607181,0.0063674035,-0.03297901,0.024823839,-0.054296132,0.0072974088,-0.015452234,0.029939953,-0.026125165,-0.00086584943,-0.004148647,-0.010297315,0.029652147,-0.027358433,-0.04124223,-0.029943366,-0.033414014,-0.07772437,-0.02521111,0.029621588,0.027378941,0.021993402,0.045438614,-0.036690727,0.000821284,0.024659071,-0.04323864,-0.021795478,0.062473226,-0.00012783927,-0.008253081,-0.059598893,0.031549357,-0.034777634,-0.07364278,0.02532026,-0.055837143,0.0027569702,-0.025049299,-0.033831775,0.054946396,0.04450205,-0.086644456,0.013039882,0.036083523,0.023979813,-0.009294712,0.06742197,-0.023632163,-0.029910253,-0.06750038,0.0049576946,0.047903564,-0.031290703,0.09375659,0.07018513,-0.07925351,0.042753898,-0.010813836,-0.048166465,-0.038282238,-0.013689524,0.02806141,0.006664089,-0.046980266,-0.03829268,0.0016470598,-0.042788703,-0.05135892,0.01821481,0.001284513,0.0771594,0.0040300554,0.0264984,0.039780665,-0.033271763,-0.060150634,-0.019201389,0.07281616,-0.062439017,0.009551608,0.00683375,-0.013678529,0.0014018645,-0.05737945,0.0633791,0.007524671,-0.0059326114,-0.03764983,-0.061955653,0.003258126,0.06697926,-0.011368085,0.033855636,-0.040311858,0.045091286,0.010194114,0.032237336,0.03293499,-0.013066571,0.026183039,0.05122617,-0.022165857,0.06789393,0.02654133,0.0068458025,-0.012192769,-0.03206267,-0.043494087,-0.024897838,-0.063718766,-0.027056431,-0.0056641204,-0.046664037,0.005029421,-0.09411028,0.040432464,-0.06029455,-0.07171239,-0.02990658,-0.05793341,0.0428076,0.04495422,0.067300834,0.059636645,-0.048735715,-0.060831584,0.036604762,-0.055583388,-0.06422607,0.040240794,0.03955076,-0.054998767,0.022006415,0.057138577,-0.0012555427,0.034683127,0.015426066,0.028340833,0.057671804,0.039714783,-0.04417776,-0.09448912,-0.015228528,0.060699236,-0.01817674,-0.050039608,0.002352192,0.033757456,-0.0051355246,-0.022740098,-0.016151363,0.02283178,-0.04583291,0.0020429613,-0.01970961,-0.056607455,0.04193329,0.053101175,-0.0392072,-0.00557221,0.036838807,-0.0568895,-0.023229806,0.0023086881,-0.028572166,-0.07157663,-0.042158194,0.033236224,-0.028141482,-0.030075422,-0.019550906,-0.049920723,-0.077517375,0.017226614,-0.025990158,0.06574174,0.058315773,0.008772919,0.094609424,-0.026418079,0.029261947,0.05237958,0.07917075,-0.005079655,0.040542535,0.03300046,0.0063696443,0.021805372,0.04135182,-0.10607396,0.055448055,0.054305535,-0.030637333,0.013620568,-0.0746068,-0.029918684,-0.017072037,0.020408465,-0.02484151,0.052645765,-0.08002316,0.058618184,0.07571064,-0.040857986,-0.02526358,0.036169015,-0.026435738,0.017628213,0.028472843,-0.078035586,-0.007780589,-0.05369291,-0.04165303,0.048349086,-0.016608587,0.04338431,0.018707518,0.0904684,0.006595601,0.07851633,-0.009891948,-0.036506437,0.026033418,-0.0785493,-0.008945572,-0.042716086,0.020485068,0.053644095,0.025716702,0.049559485,0.002770561
-0.001776225,0.019349262,0.020080807,0.021597503,0.048619587,0.0039115273,0.029041165,0.013365997,0.007722456,0.03134119,-0.041361324,-0.051865544,0.0073137498,-0.019165365,-0.055471405,0.06846275,-0.02415616,0.061258968,0.055065073,0.010367978,-0.0352495,0.04456553,-0.05705797,0.027223898,-0.0031321777,0.0046337303,-0.09434285,0.025886137,0.005364202,0.012454804,0.074894734,-0.07063325,0.010645697,-0.051966637,0.052185994,-0.00074976357,0.02792634,0.11646775,-0.0006197255,-0.06231496,0.016575856,-0.02100934,-0.0005887813,-0.08846533,0.08428163,-0.017657718,-0.05487791,-0.031148087,-0.023286957,0.025878087,0.024860065,-0.05446306,0.03663231,-0.01724626,0.042260725,0.07240387,-0.077531956,0.022412598,-0.003610459,0.03242847,0.04385962,-0.05206118,0.021343853,0.013514637,-0.029404426,-0.026765341,0.014557011,-0.02366093,-0.0068714432,0.08281443,-0.059748795,-0.054956123,-0.040348336,0.014520111,-0.065747336,0.00042490315,-0.0027091855,0.00653727,-0.08693648,0.02176905,-0.019496685,-1.6610305e-05,0.036977895,0.026645105,0.03171785,0.018866027,-0.048019562,0.004084461,-0.0752937,-0.037879057,0.04036572,0.014740602,-0.033202164,0.020070463,-0.0073760785,0.044230677,-0.039841734,-0.0015797468,0.008195603,-0.035066966,-0.016243087,-0.023776554,-0.02496585,0.053200673,-0.042049333,0.0015754197,-0.04636763,0.014400377,-0.045128338,0.033843413,0.08115267,-0.03268316,-0.0017806174,-0.008921678,-0.008125336,-0.05190538,-0.028166946,-0.060913336,-0.048278134,0.0071047056,-0.011299207,0.03404142,-0.018911554,-0.026112579,0.041110836,-0.033717666,-0.03681437,-0.0061570555,0.012470379,0.075624466,0.059297144,-0.06610414,-0.0048907204,-0.06737675,0.021562275,-0.030724548,-0.062547535,0.053472776,-0.038676742,0.045250267,-0.006534009,-0.035122484,-0.058097165,0.028432239,-0.07510806,0.058501802,0.07844854,0.07411191,0.04080638,-0.04693703,-0.0286778,-0.0029455754,0.02748984,-0.04312826,0.0012859888,0.04651063,-0.015405532,0.100290984,0.027541853,0.09421813,0.058070004,0.091754995,-0.016218377,-0.07899877,0.025720347,-0.0194934,0.07336125,0.054020487,-0.0063241827,-0.0010480362,0.11812798,-0.032798763,0.0128306495,0.038634337,0.08330332,0.04866684,0.021438135,-0.011306142,-0.0026368524,0.033138495,-0.034555666,0.020460907,-0.045383036,-0.01986613,-0.0302701,-0.06377366,0.07839801,-0.051915225,-0.05862427,0.025389154,0.08937737,-0.030509315,0.032968525,0.059289064,-0.03891732,-0.042988412,0.037919294,0.004185153,-0.06947496,0.04383406,-0.060506374,0.035116296,0.04603898,0.036934942,0.057239693,-0.046688583,-0.007917858,-0.075730965,-0.071406275,-0.026900379,-0.0395683,0.019640028,0.034526158,0.053112157,0.04487804,-0.016909223,-0.03949976,0.045536008,-0.04637725,-0.0077268933,-0.036806427,0.005915184,-0.030171316,-0.043683067,-0.049018357,0.00486943,0.015445721,-0.04893087,0.038710043,-0.011245839,0.022043845,0.03595778,0.065672666,-0.0488571,-0.063986406,-0.047597244,0.0036662293,-0.052893218,0.048985563,-0.052184258,-0.044821095,-0.021284338,0.041072577,0.03158216,0.0581195,-0.030419363,0.03191145,0.021123292,0.041677494,0.031104164,-0.029078407,0.02957731,-0.045091715,-0.04035178,-0.0051575066,-0.04534431,0.06705908,-0.044252805,-0.0033454034,0.037168823,-0.018329185,0.051998995,0.03454012,0.03919814,0.066653036,0.027129607,-0.037048217,0.012887701,-0.008716793,-0.10879081,-0.009343627,0.08490216,-0.0033315362,0.05957648,-0.008077253,0.03058323,0.02645246,-0.016436659,0.024128955,0.02565245,0.0025228264,-0.012915769,-0.02580025,-0.0030153359,-0.06906974,0.044199105,-0.024211995,0.0015974229,-0.030322352,0.0142558105,-0.00075502764,-0.014090021,0.008707846,-0.029095871,-0.03750385,-0.0032747157,0.0124421725,-0.094466016,-0.046571124,0.03201841,0.019799866,0.01461528,0.059288904,-0.051884316,-0.056650512,0.018902319,0.0050059306,-0.019667339,0.038373742,-0.022681879,-0.041865475,-0.06614589,0.06960276,-0.015161903,-0.07555071,0.028528662,-0.06162001,0.025924783,0.0036840537,-0.052959263,0.060924742,0.04815779,-0.05349829,0.0050067003,0.07570464,0.014034101,-0.0073129437,0.11244676,-0.021725502,-0.018546415,-0.059171703,0.002889673,0.060325358,-0.05657829,0.04762156,0.078848265,-0.04914473,0.010151437,-0.051802292,-0.050169066,-0.0032228949,-0.06908551,0.059086174,0.040806763,-0.07493258,-0.06680845,-0.035813574,-0.047866218,-0.07447127,0.041650802,0.044378776,0.06268529,-0.037453275,0.014224953,0.0023706944,-0.033082407,-0.024418134,-0.03382807,0.06274045,-0.050897233,0.017329551,0.015107269,-0.071481675,-0.0033321718,-0.035095744,0.048193887,0.010915709,0.053937186,-0.047854684,-0.066800945,0.01558037,0.08073821,-0.014384745,0.03253696,0.0032826094,0.068887204,0.05139712,0.011838839,0.01761699,-0.009139257,0.016629163,0.068176314,0.02594022,0.028230127,0.06882011,-0.020141425,-0.020851975,-0.009563844,-0.06564924,-0.041951474,-0.050421357,-0.042413123,0.01691902,-0.03849751,0.04227629,-0.07139663,0.031852975,-0.03199476,-0.035233855,-0.052542314,-0.11430047,0.041868895,0.03700957,0.07295616,0.074456014,-0.038968578,-0.05890716,-0.002685036,-0.051372107,-0.0004328771,0.061195005,0.07441949,-0.034358248,0.0058704778,0.044104043,-0.0069219097,0.008209132,0.021421984,0.010947672,0.053750176,0.06436898,-0.058052402,-0.09036947,-0.002675631,0.051653296,-0.009454828,-0.07177174,-0.04071977,0.029049382,-0.040367283,-0.031424835,-0.027426882,0.085511155,-0.04357236,-0.010646519,-0.037561487,-0.047884356,0.04107158,0.037426673,-0.049421206,-0.0077624163,0.038662937,-0.03795739,-0.015982721,-0.03808645,-0.04345933,-0.037209574,0.018948711,0.014283847,0.027125739,-0.03556632,-0.021294974,-0.061563123,-0.032414626,0.019805526,-0.03337059,0.022332214,0.045335557,0.031883694,0.06514957,-0.017976003,0.033913087,0.05456819,0.032552943,0.002478041,0.0030691237,0.0388535,0.033815634,-0.028375983,0.034826003,-0.091397695,0.060957488,0.043228872,-0.030997826,0.02197667,-0.07643749,-0.053513113,-0.029424189,0.01091098,-0.08376054,0.07314196,-0.032442495,0.047985468,0.057042178,0.0051743756,-0.025093263,0.016656151,-0.033078574,0.031368457,0.05620085,-0.063161746,0.008679159,-0.02072678,-0.011955756,0.07632189,-0.031187436,0.06903942,0.016545946,0.07135315,-0.0010381305,0.089303054,-0.027132628,-0.033429645,0.029094951,-0.024740787,0.025510063,-0.011601934,0.008701599,0.035126105,0.024848904,0.050069362,0.042363953
0.021412065,-0.013607703,0.029926136,0.03129655,0.025416749,-0.0071399002,-0.01868968,0.0104457475,0.061842,0.030032532,-0.02292075,-0.009100982,0.014263625,0.046128776,-0.077733085,0.044070482,-0.04469703,0.02707335,0.03855549,0.05987864,-0.037455104,0.059069127,-0.04867483,-0.008084894,-0.013344828,0.035721395,-0.11335506,0.026706636,-0.016149955,-0.01891318,0.091827765,-0.0496169,0.03263889,-0.04457925,0.06808207,0.026559085,0.005943788,0.08211324,-0.050968368,-0.08474693,-0.03563746,0.028999047,-0.042114828,-0.009800535,0.09162415,0.040337123,-0.008133161,-0.048599802,-0.036117487,0.0123383105,0.030180233,-0.03466692,0.052360978,-0.0154354405,0.005304486,0.074234,-0.05288358,0.03268473,0.015266976,0.014833921,0.061103757,-0.05033827,0.0225974,0.016901368,-0.022853443,0.028318817,-0.037863802,-0.039105076,-0.0016337637,0.034904912,-0.0643887,-0.028204028,-0.031590655,-0.034071084,-0.007153602,-0.061925262,0.0013479028,-0.05100695,-0.097840086,0.05919739,0.051342193,-0.036222294,0.019063177,-0.034690548,0.061953668,0.007905399,-0.03762005,-0.016463472,-0.024739195,-0.01916672,0.0360326,0.008677946,-0.019563882,0.02940588,0.020833207,0.041610885,-0.0796834,-0.017447416,-0.005394509,-0.028503044,-0.0075160447,0.0059362897,-0.051615316,0.09222814,-0.06113532,0.027493592,-0.020286307,0.044016525,-0.035153065,0.0027796952,0.054625146,-0.026753599,-0.020126319,0.016405065,-0.043952994,-0.05767414,-0.06330108,-0.039275587,-0.02961385,-0.0060709757,-0.019023772,0.010514096,0.033919655,-0.009964122,0.025516195,-0.04353292,-0.05903933,0.030001359,-0.015556415,0.038601667,0.043834217,-0.07246599,-0.017862253,-0.08579108,0.034464557,-0.0022324126,-0.06085982,0.066605315,0.0113049075,0.06637092,0.0040590917,0.012445949,-0.056870267,0.02273845,-0.052929714,0.09039102,0.04671527,0.075597174,0.008139073,-0.00382311,-0.06218375,-0.037820756,0.051199894,-0.047881372,-0.004104551,0.03971615,-0.04327476,0.06568493,0.015162781,0.055554193,0.07430285,0.058196537,-0.0052259453,-0.059424575,0.05877661,0.029668704,0.07670392,0.036858216,-0.057129208,-0.023806274,0.03124313,-0.0046987217,0.038333148,0.067872524,0.05509886,0.05106123,0.018595941,-0.0058686584,0.0066047227,0.032970883,-0.038742688,0.068141304,-0.042317525,0.034068502,0.0053422377,-0.04716757,0.052957464,-0.048023816,-0.046643794,0.03395596,0.07920995,-0.09543511,0.037225105,0.009311979,-0.013262763,-0.027783984,0.05268731,0.03585355,-0.068278685,0.011606911,-0.07371894,0.046982255,0.017767716,0.001517915,0.069168024,-0.050179854,0.048788007,-0.03685064,-0.053870145,-0.061357405,-0.03055147,0.07383479,-0.024415039,0.035849784,-0.022200355,-0.04086799,-0.012818328,0.093209304,-0.05478658,-0.045306318,-0.039199088,-0.0062580127,-0.020062359,-0.038082227,-0.033388525,0.011864437,0.040434174,-0.012201572,0.07132021,-0.03740855,-0.020725548,-0.006096872,0.051800646,-0.015963003,0.00068382773,-0.023290006,0.0058657955,-0.038878538,0.048474632,-0.055405248,0.030466145,0.015414784,-0.008456748,0.0273973,0.034899138,-0.060065005,0.012970729,0.046303205,0.02901376,0.041950572,0.016111434,0.0033751098,-0.031595923,0.026038831,0.0058541982,-0.040308364,0.072036944,-0.013053677,0.02717754,-0.019010706,-0.029662754,0.054446142,-0.02066967,0.054413322,0.03172166,0.062677965,-0.021031965,0.010361451,0.029323015,-0.11721779,0.013872197,0.083199576,0.00022794068,0.029061168,0.037554033,0.03871754,0.033116266,0.035038803,0.007160886,0.03996774,0.009109786,-0.0270836,-0.048895344,-0.0037455973,-0.05922441,0.0014152526,-0.0072995056,0.002669248,-0.009651022,0.03426821,0.038083874,-0.030235333,-0.0046832673,-0.012360157,-0.007999339,0.02151366,0.0063679894,-0.033423714,-0.0254014,0.027536698,0.03923132,-0.012004665,0.07121884,-0.026946614,-0.09044312,0.021320624,0.014205611,0.01375907,0.108416185,-0.028228192,-0.041256912,-0.07825015,0.021851366,0.005081963,-0.041106388,0.039480343,-0.075637944,0.029355405,-0.0060104714,-0.045128014,0.099958375,0.044372436,-0.06787258,-0.027746404,0.051190116,0.008651029,-0.029567396,0.068940386,0.004827766,-0.00055062206,-0.088070326,0.03008743,0.016235251,-0.038328692,0.063738115,0.04943774,-0.038086176,-0.008863614,-0.07224639,-0.07899132,-0.027711645,-0.049829192,0.05930344,0.028849008,-0.04010398,-0.058860205,-0.004566449,-0.004254536,-0.04143778,0.050269075,-0.007262869,0.035732716,-0.04348396,0.034595236,0.032384012,-0.023159042,-0.056941733,-0.030341476,0.059251558,-0.039204706,0.031014007,-0.023871189,-0.06318859,-0.0073215174,-0.039336044,0.06576416,-0.059483856,0.030369062,-0.07273855,-0.03726588,0.0702371,0.04354701,-0.050717946,0.01732,-0.007145972,0.05422368,-0.012338028,0.047708172,0.042566184,-0.018725889,0.030831318,0.06758034,-0.049367744,0.03801351,0.0418104,-0.021098612,0.006458366,-0.03924587,-0.057435047,-0.011627828,-0.034753267,-0.039345812,-0.046625745,-0.015829032,0.024368307,-0.025052158,0.0692018,-0.03676589,-0.029184736,-0.08090512,-0.06939071,0.05457929,0.039229177,0.06959968,0.028596438,-0.0473441,-0.06846547,-0.013987918,-0.04707947,-0.013716446,0.043967187,0.071552135,-0.029709015,-0.019267334,0.060045067,-0.0468219,0.03526303,0.019955024,0.059081227,0.054534018,0.023483768,-0.010848964,-0.060300767,-0.03467378,0.05144393,-0.025798524,-0.047582537,-0.007713316,0.049928866,-0.024565034,-0.058795433,-0.024072198,0.036587372,-0.019105656,-4.381955e-05,-0.022591978,-0.046210375,0.055103414,0.012976489,-0.0966934,-0.0048054643,0.019307535,-0.028541684,-0.055688728,-0.0045171753,-0.026832676,-0.019082472,0.026278803,0.044534307,-0.030467339,-0.03320302,-0.04293222,-0.06349888,-0.011538057,-0.0004025193,-0.019268047,0.03495895,0.053020936,0.05759759,0.051612984,-0.044944804,0.03919964,0.06663491,0.04803854,0.04936853,0.025282132,0.010639095,0.025858946,-0.033217147,0.0032052186,-0.086921476,0.06753083,0.07303374,-0.029978875,0.03672551,-0.051444523,-0.00762809,0.045487784,0.05015312,-0.11588428,0.07752903,-0.05564241,0.04378,0.04488195,-0.05384106,-0.005814244,0.033918638,-0.06838719,-0.013765332,0.049943317,-0.045005333,0.021678593,-0.025338508,-0.038083393,0.09578752,0.027921421,0.07356799,0.013797231,0.08126898,0.028972367,0.07281527,-2.2732424e-06,-0.08518276,-0.013535522,-0.085776486,-0.028907493,-0.023533441,0.033310153,0.041244518,0.0066594454,0.051883474,0.046423007
0.010229844,0.03430533,0.037928347,0.011434048,0.035221394,-0.0014753859,-0.023849776,0.034418162,0.044269923,-0.008402296,-0.010453613,-0.035542842,0.018777627,-0.00047279752,-0.03255279,0.052526258,-0.050794873,0.07999456,0.020696852,0.019085722,-0.0057024867,0.09638226,-0.040030565,-0.0072201844,0.04052747,0.055299282,-0.01962065,0.026168048,-0.03383981,-0.039448522,0.07884116,-0.06870277,0.060841296,-0.039486535,0.0641346,-0.004757529,0.034913845,0.09194763,-0.0048145056,-0.108269244,-0.019200357,0.015735209,-0.02315043,-0.04137752,0.033747725,0.028339509,-0.01118778,-0.021043073,-0.014058374,-0.012380601,0.033002708,-0.032864552,0.037835337,-0.022517832,0.014168346,0.06256141,-0.049998574,0.042169757,0.045014884,0.0059960186,0.09122158,-0.056249265,0.02982064,-0.009703536,-0.018939476,-0.000671767,0.0071660946,0.028912544,0.017519217,0.06532957,-0.05996426,-0.068024874,-0.055815317,-0.04353245,-0.03300334,0.0017803378,0.01876441,-0.03380962,-0.09841012,0.025037605,0.04337573,-0.053869396,0.025842883,-0.03468469,0.0701169,0.0014349179,-0.059279803,-0.03041844,-0.03782984,-0.028559292,0.009348834,-0.00042585534,-0.057333767,0.04308669,0.0013399993,0.07051797,-0.020725202,-0.028634014,-0.02988625,-0.05085501,-0.031816587,0.0041793464,-0.043763876,0.043011155,-0.050424226,-6.351269e-05,-0.061166998,0.012309732,-0.06325006,-0.0008372885,0.038349114,-0.026387904,0.006438962,0.014817514,-0.054706015,-0.03360583,-0.069067426,-0.03475672,-0.057184063,0.032000765,-0.012910383,0.07589984,0.022338184,-0.06595615,0.038311176,-0.04394079,-0.060589913,0.0071037128,-0.00048006634,0.027910486,0.061604083,-0.060247365,-0.018267283,-0.01811087,0.011753023,-0.002030242,-0.040589783,0.0341364,-0.013451312,0.04219641,-0.0058223624,-0.038806926,-0.078504026,-0.017767314,-0.051442638,0.06768027,0.061664417,0.0734055,0.029565815,-0.017498277,-0.08225948,-0.013524907,0.02321589,-0.10416316,-0.0056015668,0.009748212,-0.016167136,0.06387376,0.045034207,0.04711988,0.058200408,0.049130067,-0.07201804,-0.044572193,0.044476442,0.002008327,0.06247022,0.046497717,-0.032316502,-0.020424064,0.03365142,-0.020068659,0.015174295,0.08705272,0.043289803,0.026576336,0.013125065,-0.032215316,0.050848916,0.00485294,-0.008840116,0.035502523,-0.036082953,0.005783523,-0.0021016155,-0.020709842,0.057455912,-0.07034394,-0.086609654,0.008374936,0.072869405,-0.07062108,0.0546113,-0.01235985,-0.024022294,-0.037528828,0.024202587,0.006282069,-0.086226515,0.061998293,-0.021544656,-0.0004648716,0.033871792,0.03056825,0.045175787,-0.029673649,-0.0038699834,-0.0701197,-0.102645166,-0.051053118,-0.048406534,0.06493926,0.025843471,0.081665434,0.02547914,-0.024373058,-0.0081048105,0.0718908,-0.031085405,-0.03643862,-0.029525965,0.03342428,-0.042682983,-0.06277689,-0.03609803,0.038695116,0.0083221765,-0.0594355,0.036522184,-0.030087626,-0.029262675,-0.0077031082,0.0024416163,-0.044659235,-0.053034365,-0.03975998,-0.005167359,-0.017389117,0.054491445,-0.049175344,0.029998302,0.02505431,0.00837732,-0.0062666815,0.058167636,-0.011188493,0.012260108,0.041366134,0.005387062,0.044065103,0.007085704,0.063446455,-0.03755373,-0.026033804,-0.035119448,-0.034337245,0.06795206,0.017848097,0.0074623628,0.0019359611,-0.010948177,0.066527694,0.029258523,0.06410077,0.04533199,0.06636617,-0.01840147,0.040730927,0.034622382,-0.057190612,0.020802727,0.030744584,-0.03412874,0.025691807,0.036393996,0.022944264,0.044423603,0.012761395,0.010449591,-0.0042282874,-0.004286725,0.0054747574,-0.05032524,0.012582911,-0.0875435,0.00784454,-0.018595712,0.05012987,-0.004778508,-0.0114385355,-0.004240516,-0.047810383,0.01472709,0.0025655774,-0.012124576,-0.021472817,-0.03047227,-0.09418401,-0.03924708,0.072560474,0.05662374,-0.022261558,0.065063305,-0.018741604,-0.01710816,0.023272008,0.009208494,-0.036937997,0.08017584,-0.0074915434,-0.04277192,-0.058634482,0.044629507,-0.033770423,-0.05171005,0.031029744,-0.08774608,-0.0051122583,-0.02244174,-0.024752796,0.05619413,0.030809717,-0.06705203,0.005177978,0.013613113,0.010022056,0.028355002,0.07308575,-0.015444817,-0.035712,-0.07251159,0.01658904,0.051494833,-0.053189795,0.068840995,0.059158936,-0.070143744,0.045173578,0.007000296,-0.042031687,0.0029114652,-0.016084839,0.04248315,0.026295839,-0.035150226,-0.06818184,-0.016848931,-0.034426466,-0.054659028,0.046241958,0.016496452,0.10748843,-0.035733383,-0.024702955,0.05613105,-0.021149592,-0.07590771,-0.026171783,0.045784052,-0.046122033,0.060097408,0.004867707,-0.057748232,-0.03496185,-0.029279623,0.03420358,-0.0179022,0.061765324,-0.015685933,-0.054850347,0.022809528,0.045264114,-0.007305068,0.044410463,-0.03517639,0.046378236,0.05112116,0.046949565,0.007825655,-0.032028094,0.014807838,0.050053164,0.021933323,0.044812195,-0.007409213,-0.0009783964,-0.005792385,-0.030325491,-0.06407063,-0.055627655,-0.039093155,-0.011136552,-0.007147432,-0.030183334,-0.010497758,-0.07529164,0.05060579,-0.04715833,-0.07790094,-0.068247184,-0.059504803,0.062459208,0.050216857,0.04290907,0.064847566,-0.054773394,-0.07873349,-0.0023766612,-0.015102285,-0.05607126,0.045253348,0.05372785,-0.053729597,0.019988969,0.026366036,-0.014761374,0.0047574863,0.0076066284,0.009203787,0.07928453,0.04316599,-0.05085984,-0.07898654,-0.018944608,0.052519638,-0.037280846,-0.08209214,0.027630266,0.047562536,0.009028456,-0.032028332,-0.016510563,0.027299229,-0.05137579,-0.0058560637,-0.0023731424,-0.02761591,0.039089736,0.009061587,-0.06165683,-0.009785855,0.038707573,-0.04612095,-0.019362235,-0.024282582,-0.025243377,-0.05561355,-0.049866743,0.021111937,-0.04272364,-0.04354961,-0.024942221,-0.06408038,-0.07762452,0.016626531,-0.042501178,0.04297083,0.04540136,0.028414786,0.06959406,-0.07620096,0.09209193,0.06164466,0.075762875,-0.013386383,0.04758626,0.02992207,0.017050305,-0.0023109864,0.01782262,-0.114196114,0.0712591,0.04363582,-0.03897453,0.006042661,-0.09905736,-0.034083612,-0.016055798,0.02064561,-0.063043006,0.09309808,-0.06388486,0.06647874,0.03155698,-0.05505888,0.017334133,0.07825104,-0.052039247,0.010670178,0.024926925,-0.06406327,-0.017846799,-0.041236587,-0.053172927,0.06053118,0.023722764,0.021887274,-0.0006409766,0.09603274,0.039138056,0.07627621,-0.03462941,-0.048643168,0.009660456,-0.09543193,-0.01833025,-0.016858237,0.02296313,0.032531694,0.040569123,0.0055426476,0.024059517
0.0064637084,-0.0039907726,0.04951419,0.021654822,0.011696954,0.018788753,-0.04078865,0.03170659,0.024396459,0.009005442,-0.01115553,0.013206169,-0.023518365,-0.01075755,-0.08054932,0.047217872,-0.024883993,0.05103859,0.039012812,0.011455148,-0.034926448,0.078213595,-0.06474706,0.005820573,0.018173754,0.013902705,-0.04563741,0.0074794316,-0.020010935,-0.012008053,0.051416226,-0.058663614,0.008996439,-0.046625443,0.08817234,-0.0038609598,0.062472675,0.08340981,-0.0010644722,-0.067347795,0.013937151,0.02688955,0.008498596,-0.04924951,0.069696575,0.03240553,-0.033855174,-0.056210175,-0.023448523,0.012295676,0.002838491,-0.022222407,0.03626584,-0.011869818,0.023995753,0.089437015,-0.044532366,0.071779035,0.02430587,0.017419396,0.09608181,-0.08098286,0.012453641,-0.008476204,0.008119636,-0.02908753,0.008060858,-0.026359716,0.016973183,0.049128823,-0.07443684,-0.0356586,-0.011124589,0.0022459538,-0.049013842,-0.017757282,0.0027450237,-0.021188669,-0.11156802,0.041603647,-0.008239659,-0.042051494,0.05791715,0.012916815,0.038373455,-0.010339731,-0.04539954,0.024079094,-0.063824594,-0.008818876,0.030227348,0.0064168815,-0.058447406,0.031316645,0.009232379,0.07424931,-0.045983877,0.0076513966,0.008827389,-0.031366996,-0.012720852,-0.0023091922,-0.018868024,0.06403956,-0.04707642,0.006831151,-0.07682974,0.028321708,-0.07787049,0.038012736,0.049557883,-0.049945876,0.028598107,-0.008109796,-0.0048722364,-0.056432787,-0.04324196,-0.0354539,-0.033583354,0.011086372,0.003994568,0.05907462,0.009313433,-0.043551307,0.04003679,-0.06302867,-0.06946316,-0.010771359,0.03357183,0.05731301,0.04857487,-0.044801697,-0.0017896331,-0.04783585,0.024181753,-0.024752634,-0.06843254,0.040242627,-0.009797207,0.023393415,-0.009636419,-0.048176374,-0.036183264,0.004099528,-0.07993323,0.068488635,0.054565635,0.09404567,0.014778637,-0.043458767,-0.05459205,-0.041437928,0.015129898,-0.09020664,-0.02839227,0.029088477,-0.01454672,0.1279548,0.049382046,0.05579483,0.0453296,0.0483577,-0.0518635,-0.03945668,0.032377545,-0.004463251,0.08010102,0.037787646,-0.020834627,-0.02515473,0.06515045,-0.0327733,0.0022293308,0.093848296,0.06679744,0.023298575,0.012643734,0.007396129,0.00491492,0.035710838,-0.0242213,0.057934817,-0.04305224,0.00022345361,-0.003198998,-0.043978106,0.07337971,-0.024010317,-0.07934691,0.023474457,0.08375604,-0.038645335,0.03939017,0.030933417,-0.031449113,-0.038438246,0.06827634,0.02820011,-0.059452467,0.028595548,-0.061691135,0.031856176,0.053170778,0.029945057,0.032926343,-0.06301925,0.03427382,-0.04676956,-0.103115365,-0.060775224,-0.07173809,0.04406663,0.029332256,0.02025379,0.03410171,-0.0620464,0.032480057,0.06539914,-0.027656985,-0.017464805,-0.04570534,0.039579507,-0.059530906,-0.04351645,-0.034497436,0.05483179,-0.0021011361,-0.041022327,0.021679884,-0.025616573,-0.020543579,0.023590159,0.010031029,-0.028916359,-0.061660126,-0.04212605,-0.0047870916,-0.022655534,0.09756795,-0.07355986,-0.015475122,-0.0111569185,0.023823662,-0.00086984347,0.09242359,-0.0035020355,0.045798153,0.06820302,0.032728676,0.07733815,-0.032023713,0.058793984,-0.09223415,-0.035991617,-0.05377505,-0.01939161,0.06597207,0.022818448,0.033246998,-0.004397056,-0.014742756,0.016537026,0.0012135057,0.016496776,0.03952017,0.059393845,-0.014266874,0.03015241,0.023144925,-0.06853502,0.014475842,0.06991011,0.0031364104,0.009056487,-0.001621441,0.03174709,0.042235125,-0.012052961,0.037686154,-0.0033077346,0.020514453,0.0030210875,-0.039881535,0.011818755,-0.051431645,0.024343368,-0.01474513,0.017382404,0.0062725195,-0.00029390975,0.0026304487,-0.032998737,0.023160597,-0.022504715,-0.023678329,-0.005252326,-0.027336683,-0.08920992,-0.031577695,0.027404385,0.0070658755,0.004073422,0.068180166,-0.03471893,-0.052806854,0.046854205,-0.009886127,-0.023391033,0.07032937,-0.00928476,-0.037676904,-0.07815219,0.04395845,-0.028337702,-0.08055818,0.0099885175,-0.036296748,0.011776522,-0.03565255,-0.03560611,0.058189042,0.012834192,-0.056944832,0.010070361,0.0656689,0.029432643,-0.005186165,0.09436573,-0.015480145,-0.027198229,-0.040092405,-0.017795762,0.05511398,-0.03593626,0.06747063,0.050215617,-0.0769883,0.033908084,-0.052015338,-0.045246154,-0.008357365,-0.038399264,0.050153095,0.033540923,-0.08294257,-0.051826242,-0.027473783,-0.05705617,-0.05962127,0.0035351235,0.00805633,0.06911188,-0.0027609018,0.014382651,0.022847366,-0.010081189,-0.052359033,-0.032466125,0.080649965,-0.054429207,0.0372334,0.028424919,-0.012355672,-0.014903736,-0.057234924,0.03833293,0.0062965555,0.031001056,-0.07082266,-0.049362727,-0.0042903675,0.039827093,-0.014615938,0.05518586,-0.036463436,0.05108481,0.042378075,0.00710271,0.052164502,-0.03748187,0.02113099,0.0489682,-0.030640958,0.046939086,0.029340548,-0.011156169,-0.027387274,-0.0255969,-0.026849726,-0.06416195,-0.0403904,-0.007821583,-0.018664,-0.05535287,0.012485053,-0.09156534,0.0477217,-0.026027737,-0.056378137,-0.05646032,-0.045036636,0.037982125,0.05158668,0.07548011,0.06844935,-0.055720404,-0.04861431,0.011564855,-0.042131137,-0.032153837,0.05115296,0.034535557,-0.050105494,0.0038052152,0.049611755,-0.01760777,0.025240902,0.01533036,0.015506356,0.039899357,0.050127264,-0.05808648,-0.088993676,0.013686878,0.07100068,-0.020502707,-0.070883535,-0.0021121812,0.04718643,-0.021312878,-0.02833266,-0.030821,0.022384573,-0.043127164,-0.0115970345,-0.022500632,-0.045477513,0.06703283,0.051414702,-0.048684843,-0.008260758,0.022607692,-0.050712902,0.0057132933,-0.011840273,-0.034630165,-0.05893768,-0.02183172,0.042388916,0.00018877783,-0.021337504,-0.046152752,-0.07281824,-0.054837834,0.03959668,-0.028585874,0.06459836,0.07084701,0.035036825,0.062197205,-0.039274875,0.02889551,0.047509067,0.07917869,-0.0021259342,0.05090344,0.01919198,-0.0024543134,-0.017130189,0.062339265,-0.11168116,0.06807929,0.05381829,-0.030081162,0.010626359,-0.059025638,-0.0558709,-0.01591845,-0.0039610234,-0.0617596,0.05258804,-0.061398134,0.052944213,0.07383471,-0.033646975,-0.00663815,0.026380727,-0.014834416,0.045245294,0.035760943,-0.06857258,-0.0051120766,-0.049092554,-0.04304157,0.06808011,0.004068336,0.060834315,0.023379264,0.09233365,0.007192112,0.1043306,-0.014102359,-0.024203131,0.001748852,-0.084947824,-0.001987599,-0.0452615,0.0036151235,0.013767261,0.022191672,0.039649457,0.015719468
-0.030289978,0.033321258,0.054113712,-0.010386434,0.036902413,0.011653777,-0.012802679,0.039356723,0.058232147,0.009702308,-0.012502797,-0.03995897,0.035905275,-0.006814179,-0.034307446,0.07143642,-0.03324452,0.058610257,0.05765637,0.03850235,-0.027149264,0.057969604,-0.064657606,-0.0024822077,0.04867849,0.036687236,-0.08116788,0.03659083,-0.021221777,-0.012801754,0.0681397,-0.07137125,0.025003336,-0.05522066,0.054692037,-0.0072381436,0.04666161,0.10232419,-0.036672637,-0.0349951,-0.009591943,0.029281944,-0.013403972,-0.06397698,0.09568686,0.061556324,-0.03529867,-0.051498577,-0.0072925617,0.030319903,0.024470039,-0.07922376,0.053857483,-0.01888666,0.06284973,0.03750776,-0.077701755,0.031549484,0.0058310498,0.013108804,0.06704003,-0.059677344,0.043340605,-0.0077856337,0.007966973,-0.019508624,0.0007240305,-0.009070688,0.008303685,0.07760369,-0.0559191,-0.062139787,-0.038372006,-0.030817954,-0.007902776,0.030125454,-0.03686559,-0.007407973,-0.09355732,0.0152892675,0.0271657,-0.03458953,0.028644541,0.015179657,0.025067437,0.02787958,-0.0458661,-0.004774794,-0.050745405,-0.0048575075,0.029858274,-0.004220139,-0.008124556,0.017119842,0.0018362092,0.048423648,-0.05025213,0.017780932,-0.038799997,-0.059148893,-0.021195551,0.011525101,-0.025692834,0.032262236,-0.026105022,0.023715638,-0.0565271,0.031572066,-0.057141744,-0.005479131,0.02704049,-0.060775403,-0.0039155846,0.041055772,-0.04935042,-0.062326003,-0.03609134,-0.06767155,-0.03350437,0.008848823,-0.026813397,0.08192521,0.017361494,-0.057230916,0.03898131,-0.034327555,-0.058623962,0.027414743,0.018910265,0.035727587,0.07710791,-0.078603216,-0.03139422,-0.0357247,0.024465524,-0.037320565,-0.030898174,0.020284668,0.0005404856,0.030794926,-0.019495673,-0.036258258,-0.03970031,0.054957014,-0.03446935,0.046480536,0.01146757,0.057541158,0.02022201,-0.024658673,-0.062833056,0.013693777,0.025356853,-0.08730131,0.007536031,0.009675649,-0.008822823,0.078099705,0.014953612,0.05525812,0.027076729,0.04722266,0.00352254,-0.06173498,0.08687942,-0.026291246,0.100724384,0.08458439,-0.0033800541,-0.013488805,0.06762359,-0.046075426,-0.007644142,0.07355989,0.035868555,0.010170401,-0.00821228,0.016326593,0.024184154,0.023953589,0.0071357745,0.06467307,-0.05529166,0.010818052,-0.0013342516,-0.02476362,0.042702265,-0.040531036,-0.05794267,0.019961288,0.06885863,-0.059752755,0.07697634,-0.016330022,-0.04174227,-0.05569921,0.03395029,0.027997166,-0.091653354,-0.0045770025,-0.06252302,0.03860847,0.051424786,0.0475743,0.023194382,-0.03160822,0.01474917,-0.07007557,-0.12001048,-0.06371401,-0.08153844,0.02919655,0.01457322,0.040611647,0.032640725,-0.027703788,0.020572467,0.024367044,-0.026482338,-0.012406,-0.027622648,0.026471142,-0.031860147,-0.019630253,-0.024778562,0.012295937,-0.0027202666,-0.051378258,0.034705658,-0.017097007,-0.026314436,0.021489717,0.01868999,-0.039973892,-0.06694249,-0.054812666,-0.009465686,-0.033541393,0.055461496,-0.058235534,-0.0020443485,-0.005988095,0.024377782,0.016271817,0.07376435,-0.006659919,-0.0039259214,0.06089347,0.06403757,0.067000195,-0.048206046,0.023636132,-0.08103872,-0.011698014,0.00050373544,-0.05571593,0.04412556,0.033599023,0.012081788,-0.017251367,-0.0579885,0.011155885,0.064629726,0.0033809028,0.03517073,0.051508304,-0.029589873,-0.01275523,0.033519145,-0.038914848,0.020250436,0.05730923,0.03688661,0.031594846,0.02219899,0.052966014,0.07074059,-0.013040751,0.020940568,0.011485271,0.022601523,0.033652473,-0.057107903,-0.006142299,-0.06727264,0.016297182,-0.02894985,0.020048838,0.008972511,-0.011470885,-0.008124323,-0.014107129,0.018063338,0.004983043,-0.024346571,-0.018051881,-0.012110626,-0.099747844,-0.012984833,0.04221338,0.009083165,-0.0060789175,0.07311323,0.0068635093,-0.07030225,0.027469365,-0.0031425369,-0.04467124,0.07311835,0.018132629,-0.059406646,-0.07286661,0.07662247,-0.032327008,-0.059143517,0.054162435,-0.0865931,0.035096798,-0.059060436,-0.059760947,0.06522791,0.026643198,-0.040907107,0.021763224,0.08189642,0.02896061,0.01882009,0.068851486,-0.041091755,-0.011625421,-0.0379745,-0.025121143,0.08980383,-0.029460426,0.07208735,0.09322691,-0.05166882,0.01797601,-0.087215066,-0.021487981,0.015266381,-0.026371395,0.088300414,0.041179303,-0.05399099,-0.04075407,-0.029083433,-0.07805062,-0.06590069,0.05227843,-0.008262267,0.0573778,-0.025283173,0.027037967,0.028574936,-0.008454508,-0.02084016,-0.03009411,0.016881337,-0.04596908,0.056167405,-0.005029619,-0.015477134,-0.002896041,-0.041420095,0.09247248,-0.024947746,0.04443461,-0.10174293,-0.053553384,-0.0016917238,0.030499171,-0.0001790093,0.021166902,-0.005767484,0.05078701,0.02475679,-0.011784883,0.016788078,-0.07734455,0.020472217,0.04653474,-0.021979317,0.05650256,0.05424714,-0.018635036,0.0005030636,-0.049498476,-0.030206382,-0.034403753,-0.05036187,0.0038983978,-0.020933755,-0.009933336,0.03984526,-0.05176744,0.06051818,-0.034177177,-0.03654858,-0.080417804,-0.088186935,0.05154972,0.04219571,0.047794536,0.079271816,-0.031934116,-0.061784666,0.007661052,-0.059720825,-0.046651077,0.059289925,0.034160133,-0.027640866,-0.0223406,0.085423596,-0.03144408,0.02563234,0.021168385,0.00871692,0.059063487,0.027002763,-0.061932936,-0.08555291,-0.040759884,0.030692577,5.762756e-05,-0.07943332,0.0030770195,0.011892535,-0.027874399,-0.025911434,-0.01449428,0.0563869,-0.042374283,0.03455119,-0.03422959,-0.0051549333,0.07088892,0.037092894,-0.03959876,-0.014181923,0.022549354,-0.00390633,-0.009892531,0.0031619626,-0.008317656,-0.06249911,-0.012107524,0.032513,-0.03275078,-0.045700397,-0.04723856,-0.035054598,-0.04488201,0.009222199,-0.04508872,0.040620986,0.08844768,0.062457066,0.07780685,-0.04621676,0.03627381,0.032067046,0.08729477,0.025929458,0.03457487,0.038855575,0.0049057766,-0.03042806,0.045471646,-0.08674485,0.0757343,0.049246334,-0.018610405,0.019449951,-0.03424556,-0.019396696,-0.033181485,0.012029085,-0.06511516,0.055377863,-0.039283607,0.03050927,0.075273216,-0.04396047,0.024740994,0.028953562,-0.050663482,0.020112028,0.07897463,-0.047963142,-0.019408206,0.018269584,-0.012469002,0.05408417,-0.0066879154,0.03615041,-0.011728129,0.07358253,0.029860707,0.09591224,-0.043403372,-0.04170545,0.011727819,-0.058259904,0.0035712447,-0.004722323,-0.0003212613,0.0414369,0.030726792,0.0330247,0.0057653636
0.01976436,0.017337881,0.05939037,-0.00086052704,-0.009266789,0.038147993,-0.027328031,0.03610272,0.032564998,0.006764364,-0.006549788,-0.032873936,-0.01277035,0.008210713,-0.04036971,0.09525195,-0.021987142,0.049395394,0.014300358,-0.0026962762,-0.03230292,0.085834414,-0.05553375,0.016513288,0.018161047,-0.0023046432,-0.07710469,0.022628523,-0.025093772,-0.006498723,0.08308566,-0.06592109,0.05135799,-0.07051078,0.07059682,-0.009024653,0.043266427,0.07421493,-0.020152891,-0.067235716,-0.010465542,0.01944658,0.017824713,-0.08150962,0.073625594,0.055547297,-0.044506088,-0.061597977,-0.053034596,0.042624258,0.013992894,-0.056392074,0.02439755,-0.014143764,0.027472517,0.057990547,-0.027970407,0.053030767,0.009136799,0.0316689,0.08298794,-0.06610685,0.016579146,-0.0050234254,-0.026486712,-0.013058492,0.003530472,-0.001763693,0.0064935065,0.078010894,-0.07117666,-0.062358778,-0.034397338,-0.04219348,-0.075882666,-0.011084812,-0.009168459,-0.024185233,-0.07467986,0.0053503052,0.04146165,-0.02014529,0.06545457,-0.03859158,0.047001947,-0.009024627,-0.03917564,-0.002632351,-0.07458784,-0.018093465,0.0076156664,-0.008561925,-0.05185078,0.021766825,0.0018077212,0.063128166,-0.050301082,-0.00018150847,0.021174964,-0.016598163,-0.031455476,-0.04429449,-0.020263309,0.0776225,0.0042814277,0.020126306,-0.036244735,0.049167458,-0.028964123,0.004119051,0.051988635,-0.015430485,0.04300552,0.022284243,-0.038598616,-0.07290471,-0.02837953,-0.044445615,-0.029815981,0.0005902589,0.011141384,0.07614081,0.019213287,-0.03659641,0.047575664,-0.033070903,-0.045997813,-0.025636047,0.014725081,0.06129261,0.025703708,-0.059661333,0.019605858,-0.049465615,0.0052508805,-0.024013631,-0.04988453,0.08013089,-0.013024863,0.045131043,-0.041300222,-0.07208741,-0.051506612,0.022161657,-0.04470302,0.066658065,0.07502574,0.082621835,-0.028646398,-0.022659685,-0.0731027,-0.026591226,0.042853147,-0.06672452,-0.037760545,0.021308627,-0.006379833,0.13421625,0.027737444,0.067476764,0.036825385,0.035027932,-0.041770894,-0.03590716,0.03142873,-0.021065976,0.05890731,0.013771393,-0.0820797,-0.01850076,0.036731068,-0.028735807,0.0022029178,0.08497237,0.07328583,0.06274981,0.028390436,-0.01258884,-0.008336832,0.018068455,-0.015794631,0.043399457,-0.04043951,-0.0029676557,0.0006448211,-0.072042435,0.048787683,-0.058374505,-0.090458974,0.0007025891,0.055883665,-0.04923085,0.034493364,0.021466298,-0.058049228,-0.03620323,0.08893887,0.04762095,-0.068840615,0.02893916,-0.05233625,0.011471697,0.043010097,0.023982659,0.013743742,-0.029545235,0.048217982,-0.04598436,-0.07545666,-0.05174229,-0.07346958,0.053963747,0.027778096,-0.0073763463,0.048457235,-0.045081142,-0.004004832,0.059296917,-0.05390318,0.010284085,-0.03383937,0.031673077,-0.057843663,-0.017951379,0.0110201575,0.043662246,0.013924579,-0.046283424,0.038340714,-0.028782409,-0.009701503,0.015431316,0.01067303,-0.03814465,-0.06109741,-0.04466807,0.014353591,-0.015397867,0.07712849,-0.06362317,0.015105313,0.028979529,-0.0033048708,0.032558564,0.10156796,-0.053067658,0.030566877,0.043362413,0.012003115,0.06723936,-0.03112243,0.018072592,-0.09002105,-0.06109071,-0.04707915,-0.031929396,0.03497189,0.027656427,0.030516088,0.020243954,-0.0063965367,0.032111023,0.019683233,0.031231837,0.063211605,0.04283014,-0.024969403,0.0333723,0.061426442,-0.0652522,-0.014685971,0.07170035,-0.02242669,0.03457453,0.010926928,0.0417573,0.01598374,0.02974817,0.032708894,-0.017922806,0.025481798,0.013372841,-0.04936543,0.0024499472,-0.05226315,0.0033543515,-0.029337136,0.008261074,-0.00030168355,0.013199557,-0.017204378,-0.0035249267,-0.0010946122,0.009305633,-0.029931251,-0.019394727,-0.005979937,-0.068084486,-0.048766162,0.023825701,0.024547376,0.031809848,0.04659156,-0.046949092,-0.050880715,0.014749525,-0.046061523,-0.04253074,0.06814243,-0.0069788024,-0.0368578,-0.06793886,0.041245673,-0.03056158,-0.07721643,-0.006641167,-0.041623704,-0.0065272404,-0.033135153,-0.05203642,0.06753332,0.011314955,-0.07253686,0.022375822,0.041301657,0.033517584,0.04242238,0.060389575,-0.045381494,-0.047732774,-0.05313571,-0.025022347,0.054526728,-0.052086644,0.09137676,0.056496583,-0.08597996,0.018113973,-0.05766966,-0.048863657,-0.02543195,-0.044271898,0.040503483,0.045678854,-0.05249657,-0.073730655,-0.010938491,-0.051986046,-0.079541124,0.01334075,0.019271526,0.048224352,0.008227634,0.025320016,0.045618743,0.0032284213,-0.051303957,-0.0556509,0.07358274,-0.05940178,0.039839473,0.008061732,-0.029266654,-0.00801989,-0.07542253,0.039433282,0.009264215,0.051865652,-0.048496798,-0.054061532,0.0153573435,0.0534547,-0.010021839,0.031327143,3.271331e-05,0.08445397,0.037767366,0.019739121,0.020634597,-0.01788838,0.04997465,0.060115602,-0.021171771,0.024785664,0.02693012,0.0040811216,-0.022549307,-0.054653548,-0.05439004,-0.015075597,-0.0578566,-0.017785883,-0.0012273365,-0.06796747,-0.0006397324,-0.06012465,0.044113506,-0.040229756,-0.084437534,-0.06875165,-0.046478156,0.06535568,0.02261565,0.060025055,0.04684611,-0.038738593,-0.037706066,0.032940213,-0.014018725,-0.038290486,0.056846596,0.052764934,-0.07713241,-0.00059302396,0.045623742,-0.019744549,0.02254801,-0.022615844,0.035021264,0.07773205,0.027818123,-0.06652587,-0.077472,0.009194182,0.06840168,-0.033834636,-0.056827616,-0.009974782,0.031781156,-0.028553389,-0.06640376,0.012511981,0.016454356,-0.026905105,-0.01692012,-0.025723372,-0.052406546,0.047330815,0.052522663,-0.051482018,-0.01425649,0.040904664,-0.04425528,0.0004279297,-0.009082392,-0.034958504,-0.029933948,-0.001096195,0.03727392,0.018871417,-0.029743679,-0.048314065,-0.032515317,-0.064535506,0.008447413,-0.025898764,0.04499658,0.08764996,0.03216767,0.041702464,-0.029092968,0.05592904,0.06500586,0.075945035,-0.0070370105,0.039632287,0.023955576,0.006390885,-0.0113581475,0.041864593,-0.08059486,0.04926891,0.06410834,-0.02237534,-0.005746709,-0.07209587,-0.04968702,-0.008261891,0.010149021,-0.06757642,0.07552486,-0.04554578,0.020454891,0.046455335,-0.03733348,-0.012752675,0.025656627,-0.0532878,0.011394583,0.046864938,-0.052028187,0.0008140591,-0.0104814265,-0.03949987,0.023597233,0.026408343,0.049459543,0.007294769,0.13604878,-0.009785767,0.10009867,-0.011119753,-0.04485867,-0.008045393,-0.05837544,0.0015192494,-0.0061938693,0.019625382,0.014293849,0.02251232,0.016493468,0.037909638
0.026048543,0.022911776,0.06503896,0.0015830239,-0.011336537,0.035935324,-0.03471864,0.039895773,0.02994881,0.0005452795,-0.009497684,-0.027533483,-0.011078602,0.0026136423,-0.037394453,0.090881854,-0.029921308,0.048851356,0.021655232,-0.005861911,-0.028916234,0.08102103,-0.053559605,0.01534991,0.019886535,0.0036224981,-0.077778496,0.023539804,-0.023354715,-0.0021862858,0.08336236,-0.07025128,0.051287875,-0.07704834,0.073912956,-0.01426179,0.045184713,0.07374802,-0.028978504,-0.06227954,-0.016958771,0.023616318,0.013256209,-0.08412695,0.07298518,0.056588665,-0.049149815,-0.063549004,-0.058403004,0.045488685,0.009786591,-0.050620373,0.026548205,-0.011891686,0.031661592,0.06427205,-0.022439307,0.04659345,0.010644178,0.03414567,0.08440511,-0.06825992,0.024122987,-0.00045450547,-0.021734025,-0.023195142,4.9981583e-05,0.001039382,0.0066513,0.09412947,-0.072901495,-0.066193275,-0.035689943,-0.043130945,-0.074205734,-0.012306391,-0.0034901453,-0.019318027,-0.06444899,0.0028972516,0.0468631,-0.016809173,0.06298905,-0.038348194,0.050173573,0.0007954868,-0.03695761,-0.0019124245,-0.07684912,-0.020880612,0.0033490243,-0.014288622,-0.051360283,0.017402267,0.005253098,0.06683327,-0.057031352,0.0021045876,0.027798751,-0.01664383,-0.031095657,-0.035750158,-0.027479092,0.07597398,0.00606514,0.021882262,-0.02982576,0.0487347,-0.027853211,0.0017608581,0.0464183,-0.017348671,0.048417512,0.018842021,-0.044835243,-0.07212365,-0.029220209,-0.037916847,-0.034557458,0.00019477138,0.0065781386,0.08512315,0.02764412,-0.031748664,0.04191101,-0.031363707,-0.043345027,-0.02252102,0.009995962,0.063631825,0.026136203,-0.058176897,0.024365343,-0.04900524,0.0042142197,-0.024162825,-0.04098018,0.08309326,-0.0065584322,0.04717444,-0.039186195,-0.067459755,-0.05262041,0.01823578,-0.04794217,0.06500849,0.077248126,0.08000371,-0.026555406,-0.030534783,-0.066494815,-0.022367561,0.04744998,-0.061595358,-0.027730979,0.0171654,-0.0005285905,0.13618311,0.028292008,0.057876315,0.03589715,0.03965451,-0.046285752,-0.035210375,0.027066737,-0.018915262,0.057129618,0.017287577,-0.082500905,-0.01682133,0.032288082,-0.03186751,-0.008575867,0.081325315,0.07432752,0.0717117,0.017932454,-0.012562068,-0.012325654,0.018308235,-0.015362448,0.041222166,-0.041350998,-0.013711412,0.0017746418,-0.07581548,0.041297548,-0.06046889,-0.08895743,0.0040011886,0.05221034,-0.052291088,0.021512011,0.024948372,-0.052728076,-0.04191219,0.08975987,0.053981755,-0.067957364,0.028713692,-0.050225597,0.0033155766,0.048666954,0.024156896,0.016368171,-0.03260065,0.05546854,-0.041522924,-0.07254355,-0.055111684,-0.08080372,0.046470534,0.027517276,-0.012816436,0.04840705,-0.033368174,0.0025470804,0.057292692,-0.05467969,0.009703317,-0.039801076,0.037568998,-0.0672278,-0.015088816,0.012753012,0.046884604,0.02826288,-0.042539697,0.032528233,-0.024485366,-0.011992863,0.014060798,0.007869574,-0.03898924,-0.062528454,-0.051256847,0.015420784,-0.019373572,0.07381519,-0.053528484,0.016579345,0.039001014,0.009556281,0.027246784,0.09852607,-0.05347049,0.03029538,0.038536146,0.0016666129,0.06461278,-0.03185716,0.008050044,-0.09592874,-0.058395036,-0.041097544,-0.037788764,0.036117863,0.0305052,0.037570454,0.026243968,0.0022034417,0.04016953,0.026485581,0.028316379,0.061214335,0.043403298,-0.024231153,0.03486785,0.057534765,-0.07086098,-0.019366818,0.06649895,-0.027937308,0.03196697,0.0060371594,0.050640527,0.020766625,0.03602679,0.034095142,-0.014499763,0.028805617,0.011543452,-0.04948749,0.0065264674,-0.03880617,0.012718837,-0.0214473,0.00839011,0.009145832,0.016590588,-0.020113096,-0.0051878514,0.0026092243,0.0060507287,-0.033971727,-0.01444395,-0.0067884144,-0.06023288,-0.053398363,0.027855743,0.02612725,0.031088954,0.041880365,-0.048818693,-0.049505964,0.0086299665,-0.04422768,-0.04378222,0.06779304,-0.010010344,-0.03368071,-0.06819306,0.048050422,-0.02198372,-0.06958239,-0.00036516282,-0.04832306,-0.010247295,-0.029904054,-0.04123152,0.062249962,0.004535241,-0.068895735,0.020231226,0.04303811,0.03245185,0.040877737,0.055836964,-0.049931407,-0.048843462,-0.05983506,-0.030430617,0.053075567,-0.05384682,0.09559517,0.051227298,-0.0814856,0.009034295,-0.050547842,-0.037088174,-0.028111754,-0.05312775,0.04231696,0.046390988,-0.043899022,-0.06758049,-0.001538389,-0.046171915,-0.088229135,0.015266263,0.01401185,0.048244074,0.00801344,0.03622412,0.040497024,0.0072264955,-0.054354403,-0.060324553,0.07212779,-0.05907399,0.045682818,0.008185461,-0.031492874,-0.0022298538,-0.075153865,0.037482783,0.011383534,0.046213552,-0.0457424,-0.052314505,0.009006237,0.058775794,-0.0042041647,0.030803377,0.01098199,0.08192602,0.03631391,0.025463972,0.017770296,-0.023455868,0.050776713,0.06883616,-0.012979819,0.024058774,0.02375812,0.009627767,-0.019973706,-0.059456807,-0.05026919,-0.007876516,-0.065179236,-0.024365712,-0.0008348513,-0.0642832,-0.0007283857,-0.058018416,0.045213822,-0.0391556,-0.08296158,-0.06588303,-0.041312337,0.06613913,0.018350853,0.06018206,0.049903397,-0.0456966,-0.040341195,0.03297799,-0.016014505,-0.040597957,0.058652584,0.048900522,-0.06956387,-0.0020696153,0.042226907,-0.019532133,0.031844508,-0.023817534,0.037344113,0.07387045,0.022996688,-0.06769704,-0.08144662,0.012846447,0.067602314,-0.030013606,-0.057378687,-0.0057031065,0.029226126,-0.029903214,-0.071627535,0.010831863,0.009347269,-0.019799434,-0.020312728,-0.034847803,-0.05259103,0.046964373,0.052204136,-0.050810505,-0.016731437,0.041813165,-0.039902955,-0.005535438,-0.003884931,-0.033091266,-0.02890731,0.0060192184,0.03843372,0.007297686,-0.028310483,-0.053091,-0.022830846,-0.061623715,0.0066199177,-0.019308241,0.03578692,0.08984891,0.038144052,0.042421024,-0.039042328,0.052784342,0.0600353,0.07915923,-0.008126046,0.034344375,0.026816761,0.003909196,-0.0024932446,0.034700647,-0.07386586,0.053865463,0.06184749,-0.01855629,0.0064059584,-0.06818984,-0.04405473,-0.011040379,0.015657188,-0.07132823,0.07170466,-0.04918704,0.024793377,0.044880357,-0.038784575,-0.02758995,0.031144742,-0.053927284,0.00872597,0.04676939,-0.044867992,0.0004261364,-0.011544827,-0.046580046,0.024906417,0.02421844,0.039102636,0.012816172,0.13769448,-0.013879691,0.09558396,-0.004872879,-0.047122557,-0.0059582083,-0.060348544,-0.00041933413,-0.00091922417,0.021396492,0.010741893,0.023856249,0.016794823,0.042311158
0.028357843,0.019815056,0.033824477,0.0067850375,-0.0014283925,0.021039175,-0.056619953,0.043968692,0.04735921,0.0011965676,0.0021475283,-0.013923395,-0.0071191937,0.015012269,-0.0669095,0.0745843,-0.01964648,0.07262855,0.025164735,-0.0009955311,-0.020061802,0.09449444,-0.06520743,-0.0012523964,0.026048604,0.02085837,-0.05405889,0.010313769,-0.037649993,-0.02199369,0.07187765,-0.06876052,0.030405551,-0.03905167,0.07712393,-0.009976619,0.05637979,0.083634384,-0.023007559,-0.0603118,0.015258843,0.0046196184,0.020736234,-0.0578345,0.078040175,0.06474685,-0.028718881,-0.051188204,-0.041979328,0.009405935,0.008622853,-0.03874983,0.023377452,-0.024248809,0.02660715,0.063868694,-0.04847794,0.07149667,0.03592201,0.011492089,0.09698702,-0.06905943,0.0037204754,-0.010651817,-0.010878272,-0.023499241,-0.008572514,-0.019592598,0.025123857,0.04520542,-0.06481067,-0.048834242,-0.03331271,-0.024493253,-0.05855198,-0.006019531,-0.019130595,-0.027062025,-0.09622647,0.025164336,0.038307387,-0.040210266,0.05393296,-0.013674719,0.050305482,-0.0079028,-0.042259246,-0.00090310886,-0.040536795,-0.033492982,0.03017046,0.007842246,-0.052861582,0.031673662,0.0038253865,0.07516258,-0.059082646,-0.003739153,0.014713244,-0.012229039,-0.027895268,-0.012464788,-0.028418055,0.065797634,-0.025099335,0.010410677,-0.050961643,0.030273523,-0.0501952,0.025590468,0.04871005,-0.036099482,0.022843275,0.0056026294,-0.030347297,-0.059268586,-0.043020397,-0.057969917,-0.028356919,0.011965649,0.0049145147,0.073148735,0.02098596,-0.041309513,0.054466307,-0.052777424,-0.063791506,-0.028759487,0.029786346,0.046057407,0.045817066,-0.048131436,-0.00349008,-0.033810176,0.019931527,-0.025181567,-0.06737344,0.061833687,-0.027333511,0.0549665,-0.02608688,-0.05741227,-0.034653433,0.014761889,-0.05861044,0.07053444,0.06154626,0.0761127,-0.020963704,-0.026694538,-0.08641054,-0.052127674,0.023133,-0.090602085,-0.04818757,0.038336825,-0.018422859,0.12026413,0.043256696,0.054315645,0.04534461,0.04758365,-0.030328825,-0.04378868,0.04315191,-0.010431592,0.08372527,0.024856795,-0.069541395,-0.013364845,0.049768776,-0.03610329,0.010699069,0.08118852,0.051921517,0.03390319,0.022308318,-0.015105442,-0.021574002,0.035135698,-0.017447477,0.050560344,-0.051142745,0.0099475635,-0.003540894,-0.04064872,0.041541494,-0.05653987,-0.08123827,0.006293771,0.085396685,-0.054977663,0.061825085,0.026046943,-0.041553576,-0.031765398,0.060979117,0.033264656,-0.063022755,0.021377616,-0.049565908,0.032214414,0.05005856,0.018936945,0.03198044,-0.038702,0.03800843,-0.04379353,-0.09391604,-0.073645696,-0.059497595,0.04979472,0.037949637,0.0040729633,0.026873197,-0.03868513,0.02656711,0.05200909,-0.028951867,-0.015649043,-0.036544427,0.032742143,-0.04584859,-0.029679218,-0.024291165,0.05216903,-0.009856048,-0.038497996,0.035917394,-0.030148061,-0.022721922,0.013494721,0.001987963,-0.026959779,-0.057091195,-0.048492227,-0.011131865,-0.032066844,0.09288577,-0.09322495,0.010342453,0.013273228,0.0035969545,0.019119844,0.098069265,-0.03170098,0.043383278,0.070589855,0.04362111,0.0752467,-0.031432856,0.051345278,-0.09181486,-0.039670955,-0.05446749,-0.015193221,0.05318563,0.04851821,0.031121435,0.0022354731,-0.03295968,0.016789306,-0.007681285,0.018346945,0.05047337,0.062480014,-0.0021550988,0.015992604,0.045337193,-0.0643216,0.00854277,0.07847875,-0.00060671323,0.009905818,0.004918746,0.021152671,0.019142365,0.0039457534,0.023133682,-0.014167493,0.016275488,-0.004984545,-0.0482063,0.024738763,-0.05886913,-0.012930613,-0.045258515,0.02768737,-0.0047530276,0.00051492895,0.0040228404,-0.021863518,0.010284706,0.0002791715,-0.010177141,-0.019023504,-0.01775573,-0.102936186,-0.022852648,0.026925046,0.0024388018,0.023670498,0.06946188,-0.03315834,-0.06099766,0.026717769,-0.025825225,-0.024214238,0.08850752,-0.0086449785,-0.034087766,-0.0743992,0.034682445,-0.03961912,-0.07667456,-0.0037875369,-0.033853557,-0.006593011,-0.029646477,-0.067095935,0.06906769,0.015729934,-0.07379698,-0.007691443,0.05350682,0.033275336,0.026273927,0.08429599,-0.028348606,-0.028329689,-0.05702923,-0.02320647,0.044268668,-0.04036186,0.07052975,0.054391947,-0.08572569,0.04187953,-0.058156732,-0.056163765,-0.024077987,-0.024999872,0.028560013,0.02274685,-0.07094002,-0.054140717,-0.021672381,-0.06982726,-0.062265422,0.020121276,0.0121856965,0.045927864,0.003803311,0.025281535,0.0528055,-0.005974041,-0.06100233,-0.01959602,0.06681094,-0.050458316,0.054997955,0.008768581,-0.020830184,-0.020285815,-0.05335394,0.037876107,-0.02121929,0.037346553,-0.06481032,-0.05526447,0.029868692,0.021972686,-0.014848562,0.031924922,-0.022147626,0.06585039,0.02498452,0.015482208,0.015691113,-0.018462207,0.026152052,0.05977555,-0.017911196,0.035909314,0.021476677,-0.013177622,-0.0107201245,-0.028677572,-0.03837305,-0.046582486,-0.048207093,-0.021223139,-0.020498844,-0.056485433,0.0018236224,-0.07157943,0.05086868,-0.030652262,-0.06499052,-0.06015927,-0.03420092,0.035074476,0.047704127,0.062554725,0.051539604,-0.042667944,-0.046715442,0.009819073,-0.030607386,-0.042741064,0.04647269,0.050311476,-0.05607723,0.0026151536,0.0538833,-0.033991758,0.021584507,0.013905488,0.03866904,0.062124837,0.047035508,-0.0725708,-0.078854434,0.0060487767,0.06602478,-0.016842557,-0.055365406,-0.002896519,0.042631704,-0.029052619,-0.04443381,-0.0071247662,0.023148993,-0.053634353,-0.005534237,-0.024899956,-0.05478381,0.07241928,0.039337285,-0.059126053,0.0016286613,0.0188562,-0.042994093,-0.0047340533,-0.006512661,-0.03718681,-0.041486096,-0.03645876,0.023588756,-0.008914667,-0.03057951,-0.04832373,-0.049746886,-0.05156698,0.01895586,-0.021421261,0.07613932,0.07433866,0.033122968,0.05150111,-0.029922552,0.0527869,0.059475925,0.07284813,0.0048208395,0.06906835,0.015603133,-0.00690601,-0.0101473015,0.02984877,-0.11627312,0.078033485,0.06951897,-0.03256362,-0.0025006519,-0.060788285,-0.056481194,0.0042564664,-0.0027616466,-0.07244405,0.07050638,-0.062501416,0.029319482,0.0554433,-0.05121692,0.0019107488,0.030142182,-0.028927295,0.02002548,0.023180002,-0.054007847,-0.021614743,-0.040593207,-0.042235363,0.04951229,0.014398222,0.05089277,0.018904682,0.117384665,0.009545094,0.074380055,-0.019236853,-0.04463846,-0.021401122,-0.08106614,0.0004073699,-0.024055546,0.021027295,0.023860114,0.02701626,0.027717086,0.011921908
-0.008826635,0.0487418,0.03236861,-0.0022290365,0.010495475,0.033878203,-0.018100556,0.055975843,0.00027945396,-0.0021847321,-0.038582608,-0.0683045,0.044389993,0.013630942,-0.030082824,0.06526693,-0.02769974,0.0049200226,0.054958057,0.033717047,-0.008447847,0.0918337,-0.053587053,0.023064535,0.016436063,0.046303295,-0.076119065,0.03520853,-0.04349306,0.008244821,0.06520935,-0.04118407,0.034758467,-0.037760757,0.074800305,0.016546765,0.02530016,0.051164713,-0.03813329,-0.07405165,-0.0083761,0.037423503,-0.034804218,-0.061582077,0.05770494,0.06993927,0.004344126,-0.053312916,-0.028848905,0.005899432,0.042436372,-0.056182582,0.028736051,-0.035892017,0.053933773,0.077049844,-0.059612,0.04324685,0.0052001183,0.035573218,0.08084554,-0.06573865,0.017773516,-0.00454619,-0.029676192,-0.009436742,0.0010288971,0.00057525554,-0.0047962433,0.0014884908,-0.06244424,-0.059204742,0.0010247795,-0.028190104,-0.047737986,0.027686063,0.00721582,-0.005894069,-0.102855906,0.019720042,0.025997493,-0.02996254,0.06540825,0.0065116724,0.04735058,0.013348494,-0.0659913,0.01659169,-0.056234214,-0.008525468,0.021687869,0.0005550303,-0.054487083,0.02291849,0.0020948057,0.065863915,-0.05102326,-0.027292702,-0.036412228,-0.026688993,-0.043215755,-0.018841777,0.0057060895,0.091312796,-0.0014822893,0.037544046,-0.058456384,0.031447373,-0.06907615,-0.04451335,0.04919735,-0.031695183,-0.0142228855,0.009832737,-0.0058244844,-0.046627283,-0.014366523,-0.019958213,-0.048971213,0.004239589,-0.0157435,0.053910404,-0.0004454208,-0.055186994,0.055585127,-0.033997934,-0.02517304,-0.0010208011,0.04971288,0.043675993,0.07151507,-0.04735966,-0.004612421,-0.05716239,-0.0038003782,-0.005983323,-0.05740268,0.03814662,-0.037811574,0.011173746,-0.016177012,-0.039633427,-0.047295693,0.0085324235,-0.02406373,0.054859165,0.071689315,0.080970205,-0.011674523,-0.013073226,-0.046367746,-0.019459449,0.0404455,-0.073567614,-0.014124943,0.058357183,-0.012587916,0.06117055,0.029357944,0.07284257,0.06533885,0.03660867,-0.035746098,-0.04863612,0.05651299,-0.006469652,0.096305095,0.031585712,-0.050811924,-0.028491255,0.058871914,-0.043982953,0.038797695,0.050772045,0.05004914,0.05385015,0.012588524,-0.034204446,0.010752503,0.023009555,-0.028635312,0.054800823,-0.019678395,-0.0054807784,-0.015747411,-0.049600936,0.057318963,-0.046539884,-0.07789089,0.036792975,0.10296653,-0.043915786,0.055435684,0.028335257,-0.04181655,-0.023594977,0.05378083,0.044098813,-0.08595639,0.011267878,-0.04202531,-0.017046988,0.040485315,0.0481171,0.03652223,-0.03539929,0.009173689,-0.04591917,-0.07871234,-0.054976773,-0.09305528,0.038281612,0.007941002,0.03803795,0.035639793,-0.06992465,-0.002943757,0.04569104,-0.044684347,0.008794599,-0.014853049,0.024830721,-0.022970805,-0.053290483,-0.025773304,0.029709088,-0.01246946,-0.039322406,0.04558221,-0.013449966,-0.029735519,0.019885406,0.032269277,-0.02304932,-0.018862763,-0.044105075,-5.8755304e-05,0.013133806,0.075050935,-0.077884905,-0.0031119843,-0.0042431736,0.0021892672,0.034900364,0.124754176,-0.022883512,0.027186463,0.042438764,0.04221415,0.06382874,-0.04929767,0.07962323,-0.06282062,-0.022272747,-0.06353437,-0.03235788,0.07133332,0.006268184,0.020654444,-0.004521767,-0.0026727738,0.01781647,0.024831397,0.011790813,0.06438324,0.07311528,-0.027404137,-0.004649854,0.07762963,-0.07090394,0.035027243,0.07804198,-0.0008938324,0.033222787,0.021432891,0.034591995,0.053501353,-0.025982378,0.033846945,0.023010977,0.024154471,-0.01071414,-0.07588609,-0.0019830337,-0.032740578,0.011795502,-0.02743315,0.009331867,-0.0032307238,-0.014199663,-0.019420657,0.0018667686,0.039898384,-0.012401127,-0.018546997,-0.041259572,-0.027665023,-0.08300669,-0.04874373,0.058769375,0.03001203,-0.031537946,0.047081612,-0.030210651,-0.04691055,0.0318294,-0.02012653,-0.019863801,0.05592172,0.0062322887,-0.043017853,-0.055683635,0.047761936,-0.027665932,-0.094918035,0.0021214138,-0.051664807,0.013907386,-0.008428973,-0.030804712,0.08741411,-0.007917031,-0.06303393,0.009923749,0.033360813,-0.012739384,-0.002629952,0.08693061,-0.028717514,-0.038914446,-0.07189016,0.0032028155,0.03352492,-0.03599881,0.094695665,0.06050467,-0.06939106,-0.015905764,-0.068243474,-0.02822357,-0.026819976,-0.01343748,0.056481052,0.017978787,-0.046331782,-0.0717481,-0.044100422,-0.054115262,-0.034097813,-0.00062026596,0.022085624,0.054796405,-0.021290945,0.013118684,0.020164862,-0.012017789,-0.06189736,-0.014041773,0.06692331,-0.08033377,0.049037077,0.04169124,-0.01631671,-0.030609919,-0.07309586,0.050181985,-0.026310395,0.015379056,-0.048215527,-0.02891564,0.013114468,0.03375934,-0.0111,0.020377737,-0.031081026,0.07230896,-0.006133062,0.020067532,0.01922819,-0.032346867,0.031770717,0.07240838,-0.053445585,0.045755297,0.022089785,0.014234673,-0.034820072,-0.050688088,-0.035980783,-0.05023,-0.034489542,0.001315368,-0.006533234,-0.019506536,-0.002122127,-0.07892179,0.053300474,-0.027431887,-0.046891075,-0.07967038,-0.035701316,0.047894433,0.03382972,0.055980776,0.016765824,-0.035926662,-0.034277387,-0.01562377,-0.029120876,-0.052055657,0.04283826,0.046341844,-0.021398373,-0.012533135,0.048983395,-0.03296797,0.00408924,0.0013091286,0.031684585,0.07595232,0.034967773,-0.041037023,-0.102083966,-0.0059994115,0.05289507,-0.04626054,-0.08337957,-0.036312394,0.05036899,-0.012574201,-0.039967034,-0.0005177287,0.032662205,-0.037858684,-0.0041430173,-0.023464516,-0.03281655,0.053371523,0.06597141,-0.05288661,-0.0242009,0.021832174,-0.05006073,0.025726514,-0.014148693,-0.03231676,-0.07268701,-0.045552198,0.035875667,0.026971811,-0.036238655,-0.032458305,-0.047695003,-0.078826725,-0.0033296032,-0.0057999734,0.056609616,0.06895055,0.028089412,0.039435614,-0.034498192,0.06809414,0.048486788,0.051369645,0.024275392,0.023013303,-0.011191182,0.0067430083,-0.0076987315,0.054748088,-0.093249254,0.09794122,0.029637858,-0.03221472,-0.0014467497,-0.0643783,-0.031216297,-0.0052686343,0.042322017,-0.088964105,0.080423884,-0.06315836,0.06307157,0.045480095,-0.041093707,0.019504244,-0.0008770033,-0.045898046,0.02922198,0.06074185,-0.07686446,-0.011048683,0.009503808,-0.019458387,0.064455256,0.050954316,0.0801827,0.009528265,0.08733821,0.017467203,0.1097071,-0.016174007,-0.0706384,0.007795374,-0.081461646,0.00024035538,-0.027747408,0.02804018,0.0370678,0.05562572,0.02575769,0.03340953
-0.030933416,0.06012292,0.038286313,-0.009500644,-0.00029383157,0.050160848,-0.028472332,0.03181673,0.015130572,0.00739406,0.004985971,-0.005270943,0.00920702,0.05149479,-0.056792744,0.054799628,-0.017377883,0.025484674,0.034242745,0.0075313384,-0.056734234,0.04510327,-0.053963248,0.010718379,-0.007577714,0.017438818,-0.07414435,0.0010587965,-0.03644019,0.0111375125,0.063966386,-0.08400851,-0.0042476594,-0.036887053,0.08915427,-0.021562075,0.028460814,0.04984449,-0.025463229,-0.06306837,-0.0046041408,0.0057273223,-0.004248912,-0.077874295,0.05385733,0.033439063,-0.04013284,-0.04359509,-0.05196557,0.040740404,0.023112327,-0.060384933,0.020946588,0.0010043607,0.020229848,0.070794754,-0.03183961,0.040646493,-0.014546023,0.037938096,0.122238934,-0.05008856,0.034839213,0.008973357,-0.01594571,-0.002355338,0.022083152,0.010926116,0.017776424,0.058494322,-0.029921379,-0.03961707,-0.007596138,-0.018669998,-0.029951736,-0.027984526,0.005064624,-0.026459271,-0.08706041,0.036272116,0.023478713,-0.031925626,0.06880849,-0.020725196,0.05355555,0.0029072352,-0.010673954,0.025259119,-0.06437318,0.016183436,0.022843577,-0.0007631528,-0.059646074,-0.0030896058,0.0145260915,0.06901259,-0.056995083,-0.009025766,0.05805418,-0.049010213,-0.012562916,-0.00686572,-0.021745346,0.087889075,0.0071948115,0.020264167,-0.04801051,0.07253363,-0.043297734,0.0064457166,0.054637376,0.0062804483,0.026144084,-0.004622249,-0.019457256,-0.05156731,-0.04826634,-0.029008493,-0.033708103,0.020842392,-0.0027671794,0.06623961,0.016340371,-0.013722198,0.029542947,-0.057151146,-0.059293658,-0.03514458,0.008754859,0.10751827,0.014679517,-0.052265164,0.0020767518,-0.08833522,0.02858481,-0.022022517,-0.025190663,0.06725491,-0.03152453,0.038097955,0.0013505935,-0.06794613,-0.05638863,0.037711654,-0.031139048,0.08930051,0.06892562,0.09673962,0.0011922003,-0.03443627,-0.075820185,0.007560857,0.020782668,-0.046692528,-0.032646954,0.017387345,-0.0003789091,0.09315245,0.03507272,0.06004248,0.026662122,0.04719,-0.017963886,-0.046097226,0.037336502,0.016050637,0.074225806,0.055881977,-0.07298212,-0.033777796,0.06073393,-0.0037036515,0.014796061,0.079418585,0.071841575,0.04889693,0.018113289,-0.0033403758,-0.031063918,0.04071821,-0.03923178,0.06823242,-0.06568547,0.038511172,-0.012479994,-0.034535117,0.05286123,-0.027403515,-0.08333536,0.015747223,0.04864799,-0.08231408,0.00981337,0.015430987,-0.073179126,-0.039651673,0.05137786,0.0410674,-0.05253588,0.022364886,-0.057467885,0.034483295,0.07254516,0.009081018,0.016718283,-0.046289146,0.023183232,-0.05267067,-0.10177036,-0.0569417,-0.0897205,0.05351046,0.026822152,0.0054067974,0.02288805,-0.07004932,0.0003214259,0.10297139,-0.026261564,0.020522146,-0.04417568,0.051930428,-0.04941722,-0.03494382,-0.005197264,0.03095222,0.038783472,-0.031609286,0.04135589,-0.0057902653,-0.014485881,0.04217929,0.0049434425,-0.016218185,-0.032321632,-0.025291689,0.042880837,-0.04649699,0.07270907,-0.06720569,0.01482667,0.006946818,0.04065061,-0.0196024,0.07608898,-0.012121903,0.017639805,0.035767406,0.016865134,0.047209613,-0.020287052,0.0104231695,-0.051906124,-0.04290241,-0.044189602,-0.012228069,0.05815327,0.018974168,0.020189106,0.044420887,0.0052064867,0.02891123,0.02765366,0.019415624,0.04636497,0.069542,-0.039384767,0.027067,0.057386618,-0.055302713,-0.0069308025,0.05723816,-0.0117888395,0.04108659,0.020681828,0.031902682,0.04663303,0.030864935,0.004694989,0.021609982,0.034811232,0.004540571,-0.06775489,-0.009091473,-0.047591247,-0.014382163,-0.030657874,-0.015917303,0.0006106234,0.014262919,-0.0038864205,-0.012201714,0.046235364,-0.01545078,-0.020814277,0.0070481864,-0.042797428,-0.09412836,-0.017114852,-0.0033646212,0.04169973,0.010733321,0.057610374,-0.029929237,-0.050423093,0.017291944,-0.015860226,-0.014737992,0.09315293,-0.009872036,-0.025905687,-0.10323175,0.08141129,-0.021534653,-0.07999079,0.012922329,-0.058243506,-0.002085731,-0.017519541,-0.018198417,0.052119173,0.026787283,-0.04652559,0.019831605,0.06659018,-0.013625041,0.022242423,0.11616817,-0.044917967,-0.021970386,-0.08808407,-0.02252033,0.030151691,-0.008505689,0.06090828,0.031887524,-0.09289431,0.03341206,-0.0606991,-0.07560825,-0.034205154,-0.050080102,0.04684867,0.03331899,-0.068788245,-0.070236504,-0.031358287,-0.03523973,-0.071037106,0.019236535,0.03125442,0.031300303,0.00032050782,0.014540862,0.011418115,-0.023401503,-0.039717946,-0.062716715,0.06366278,-0.031046899,0.07692739,0.01855129,-0.048778716,-0.013515251,-0.05600037,0.011343002,-0.009226593,0.037268072,-0.061437216,-0.06984099,-0.0044497866,0.044974495,0.006094476,0.057981107,0.018412987,0.022277787,0.026659468,-0.01166253,0.032683425,-0.05381207,0.021954812,0.041478004,-0.03895847,0.028719671,0.042670295,0.006141469,-0.017931849,-0.04920343,-0.025767129,-0.04985283,-0.051018916,-0.016596822,-0.015587886,-0.05948048,0.023493212,-0.08182831,0.01888334,-0.05550858,-0.05704936,-0.056778062,-0.07193075,0.03107715,0.02881402,0.0699731,0.0650666,-0.038156964,-0.016196284,0.00036037192,-0.039267,-0.043222886,0.058847398,-0.001850849,-0.053483564,-0.0143258255,0.04262973,-0.034970112,-0.008651426,-0.0023960802,0.013947354,0.063182876,0.06587739,-0.018557461,-0.0818067,-0.033710502,0.029513758,-0.03387675,-0.07046611,-0.035714652,0.05784159,-0.0126593355,-0.058925968,-0.009263836,0.0027480877,-0.024343854,-0.022022014,-0.005911661,-0.06261765,0.05373535,0.034722853,-0.07893455,0.0017746155,0.05400116,-0.05867103,-0.01592395,-0.009568149,-0.03642624,-0.036627777,0.0391751,0.056987226,0.021055931,-0.012087922,-0.033451706,-0.059653975,-0.054432206,-0.015370206,-0.0065453434,0.04722915,0.09708926,0.030234221,0.045514923,-0.04585998,0.031272337,0.050896578,0.067731634,0.009314074,0.0071600117,0.010030493,0.041205514,-0.018062627,0.047873735,-0.10012008,0.06170095,0.026331425,-0.030815385,0.024423,-0.04645829,-0.03460028,-0.009471359,-0.010351252,-0.082369804,0.07269657,-0.05292996,0.028883215,0.042699464,-0.05119749,-0.022542503,0.03668832,-0.06895724,0.009900562,0.0519271,-0.046634454,-0.0010834511,-0.028605336,-0.029621491,0.061831474,0.011660961,0.06761518,0.015426097,0.103514284,-0.039303828,0.109910615,-0.010725715,-0.033991843,-0.02323373,-0.044735596,0.00025840444,-0.014308841,0.009035089,0.028234577,0.019116739,0.011613636,0.07200405
0.054511175,0.029690364,0.06340901,-0.006043112,0.023298834,0.0058017396,-0.018532656,0.03396916,0.03641699,0.00019121182,-0.02765698,-0.032775123,0.019080365,-0.02365748,-0.06961899,0.061208628,-0.0395252,0.03902142,0.02464621,0.016528301,-0.02817923,0.0892376,-0.075487666,0.030301506,0.014199556,0.029103175,-0.05854628,0.05434824,-0.015545971,-0.051899474,0.10611265,-0.03130737,0.053432614,-0.061941918,0.09183063,0.01305978,0.008191078,0.08838186,-0.02983182,-0.070110254,0.010513303,0.030182153,0.024071647,-0.052964933,0.07900014,0.06585606,-0.025641767,-0.039205994,-0.037822057,0.053586088,0.01469297,-0.04031218,0.00874411,-0.018749343,0.01381622,0.06846245,-0.052448783,0.08525803,0.03089428,0.022549111,0.06500845,-0.08048892,-0.014846658,0.013668286,-0.003884126,0.006040564,0.0034610578,-0.021266935,0.012331508,0.0622386,-0.0673072,-0.029950723,-0.03996619,-0.02006215,-0.060252886,0.020781154,0.009668394,-0.027180525,-0.088532336,0.0014847402,0.013498153,-0.022942409,0.034552343,-0.015190371,0.024388254,-0.007409433,-0.057914868,-0.011014917,-0.0535382,-0.043043625,0.018907346,-0.027867263,-0.03748519,0.030079352,-0.020678483,0.06498644,-0.06499854,0.0009032778,-0.01693786,-0.026462976,-0.01878502,-0.010304073,-0.015071329,0.055313975,-0.05627881,-0.012162763,-0.052895036,0.011169384,-0.055970192,0.013688693,0.055892106,-0.03353317,0.020168006,0.038798258,-0.01966498,-0.06628019,-0.08930897,-0.035021998,-0.0015221019,0.011332697,0.026649758,0.03200824,0.030112932,-0.060196593,0.047356647,-0.024406,-0.04745613,0.010784304,-0.004587926,0.024918308,0.052196227,-0.076618746,0.021345763,-0.026959939,-0.007205318,-0.022508934,-0.03517479,0.016166363,-0.035254255,0.05092576,0.00507539,-0.024365814,-0.02930345,0.009551751,-0.046979,0.053420883,0.07466277,0.06206826,0.006583606,-0.0034968948,-0.046921268,-0.03782313,0.04040615,-0.051696014,-0.029303616,0.047646385,-0.04039195,0.103507906,0.012966709,0.04825414,0.028116688,0.051236633,-0.03807863,-0.061332814,0.053118106,-0.030243544,0.08142006,0.061142895,-0.035461184,-0.045747712,0.04570147,-0.031632684,-0.0040748795,0.09604391,0.0348069,0.056508023,0.02745979,0.029545909,-0.015895879,0.016997231,0.00025857787,0.08366347,-0.03950439,-0.020942995,-0.03051087,-0.054095786,0.036659695,-0.042745113,-0.08910227,0.004976254,0.034697566,-0.05371538,0.04294356,-0.018683208,-0.0026127745,-0.02133591,0.04650127,0.0144332675,-0.07762016,0.00981514,-0.043370668,0.023492062,0.030705916,0.022465758,0.06691535,-0.04334468,0.011796498,-0.059831716,-0.092871115,-0.0540931,-0.05377398,0.036582094,-0.007051804,0.02126123,0.019840548,-0.044212196,0.001984686,0.0228993,-0.05109315,-0.012165163,-0.04538096,0.015754653,-0.0063313143,-0.046400927,-0.0380398,0.027535582,0.04011249,-0.056225363,0.053555395,-0.037778586,0.0029805042,-0.007147512,0.03965673,-0.02886733,-0.021006811,-0.075334296,-0.0012650959,-0.04497318,0.040230058,-0.055138752,0.022484194,0.013879808,0.009555354,0.0414295,0.07738451,-0.04845536,0.0399573,0.0511609,0.057475165,0.034932908,-0.026418082,0.018903697,-0.058133088,-0.008560269,-0.03491324,-0.014497665,0.092225865,0.026343979,0.04801975,0.03335274,-0.011390941,0.035711035,0.000516463,0.00259939,0.019104028,0.08285469,-0.007839193,0.016453559,0.04200114,-0.06303986,-0.00029046877,0.05828637,-0.002303554,0.023048626,0.007371539,0.025735863,0.004150391,0.030172449,0.008113071,-0.0013846087,0.022661027,-0.009306715,-0.053449817,0.014409505,-0.053939454,0.01829228,-0.020025324,0.035133123,-0.012388086,0.0020966514,0.028832966,-0.056026023,0.045989744,-0.001621181,-0.00042220295,0.028796086,0.029461103,-0.09050624,-0.06086332,0.042027567,0.0064642946,0.026864478,0.035109933,-0.055524543,-0.07076296,0.050715093,0.016261516,0.0058342875,0.061152034,-0.025741847,-0.059981596,-0.06870817,0.041566435,-0.017708424,-0.07454461,-0.010912048,-0.021552583,0.01610836,-0.034160703,-0.056803014,0.05704548,0.005358793,-0.041283675,-0.004984926,0.05671988,0.008803909,-0.023995742,0.05880052,-0.017033838,-0.01690545,-0.07841164,0.0011077799,0.027020607,-0.02928739,0.07766857,0.05278668,-0.057857856,0.008343319,-0.07549135,-0.0408931,-0.03985044,-0.0033150795,0.055835605,0.0016288226,-0.031052744,-0.053706378,-0.047611393,-0.083286025,-0.06867521,0.0037416432,0.023900542,0.02219756,-0.012127769,0.05028362,0.0078315195,-0.046358537,-0.06637387,-0.01240427,0.09774839,-0.01209735,0.025013963,0.011337065,-0.005496512,0.0024207898,-0.07939136,0.056948166,-0.051407047,0.03392904,-0.03288581,-0.066263035,0.027093329,0.062017288,-0.038742773,0.03886614,-0.008085756,0.023813384,0.04865258,0.019786721,0.05134886,-0.030182129,0.049867246,0.060376402,-0.019921048,0.047044344,0.0517206,0.014244595,0.0058193193,-0.032935277,-0.08320844,-0.01890891,-0.055893715,-0.04351052,-0.039841786,-0.04945934,0.0021306786,-0.022717485,0.055884745,-0.032714214,-0.08527963,-0.08484457,-0.07400473,0.031494174,0.012876774,0.057869956,0.020844156,-0.04221946,-0.03195524,-0.020143036,-0.021597955,-0.049381528,0.030664628,0.07099234,-0.035719413,0.01559881,0.061791018,-0.0459076,0.0065699476,0.0323933,0.026090294,0.08440066,0.054984227,-0.08565546,-0.06908973,0.0013262429,0.063381985,-0.01033377,-0.04179462,0.0043863277,0.030627461,-0.059878536,-0.08132229,-0.016003452,0.06934337,-0.048394363,-0.030200917,-0.031333815,-0.068440065,0.06311143,0.036799792,-0.07345275,-0.002146167,0.01046452,-0.015982866,-0.0063828267,0.0057636993,0.0016827915,-0.060794868,-0.0121911615,0.021201974,-0.038543005,-0.031540457,-0.020584192,-0.050607644,-0.040745895,-0.0037781093,-0.018988041,0.058151376,0.01862215,0.034872737,0.04599022,-0.046695665,0.068383165,0.06203063,0.05296591,0.011819818,0.0437652,0.003933402,0.048318513,-0.02991653,0.052725047,-0.08904627,0.09096109,0.08475873,-0.016332725,0.0123971,-0.062380504,-0.052598577,0.008372552,0.011563739,-0.10767613,0.07811104,-0.027875366,0.053260673,0.080081224,-0.044198915,0.0047538094,0.06100212,-0.020692807,0.023738187,0.0423695,-0.062853865,-0.016326793,-0.07179887,-0.029184587,0.08702453,0.025801944,0.040577266,0.013686155,0.09479698,0.00828419,0.09037025,-0.028460931,-0.050697718,-0.0031462759,-0.09129245,-0.023139698,-0.024363667,0.030696392,0.039952192,0.047065824,0.022412358,0.0069133025
-0.041206315,0.027374428,0.048456077,0.016264789,-0.041761335,0.042527173,0.003935038,0.033304736,0.064902194,0.042399414,-0.0068171276,-0.0475073,-0.014505425,-0.0026202786,-0.06917544,0.039569795,-0.028427033,0.048825666,0.0580868,0.00194037,-0.021786768,0.053928547,-0.051133905,0.05249458,0.03447947,0.014668548,-0.074238256,0.03341033,-0.012465466,-0.030503977,0.0890171,-0.059343167,0.042061187,-0.046140287,0.08996481,-0.010911203,0.05067011,0.0991879,-0.012650281,-0.06328839,-0.01502508,0.010373832,-0.0064304546,-0.08034819,0.08765802,0.02093399,-0.05344497,-0.06370206,-0.023243189,0.057344113,0.0075609377,-0.08216196,0.039813463,-0.014920056,0.046486255,0.049217224,-0.035527553,0.09874922,0.020387748,0.03359205,0.068775974,-0.08768721,0.007270456,-0.011269017,-0.0062153973,-0.008996994,0.038123745,0.0066801,0.0063643632,0.063461944,-0.0108006885,-0.050165374,-0.017931454,0.016668957,-0.03479157,0.00053013937,-0.0073152403,0.0033587518,-0.10390791,0.033610124,-0.008562588,-0.019729815,0.06733346,0.02499031,0.021929039,-0.011188262,-0.035940893,-0.0011395281,-0.06821015,-0.029632442,0.040337477,-0.016410248,-0.041063562,0.04782186,-0.017357403,0.0686366,-0.03293367,-0.022574103,-0.032767452,-0.050538193,-0.033114932,-0.030971192,0.0033182304,0.08196664,-0.038379468,0.02174091,-0.023795245,0.04608159,-0.05957711,0.030670801,0.029528541,-0.0031379345,-0.004561917,-0.018272674,0.023201939,-0.08060779,-0.03393743,-0.03486175,-0.013041439,0.034674786,0.0021963308,0.05318718,0.025799947,-0.017113492,0.050107673,-0.0811308,-0.0060444656,-0.0023722819,-0.0058104005,0.046494823,0.037440564,-0.040928785,-0.0069358116,-0.07084997,-0.011733977,-0.0050289077,-0.034963395,0.038538568,-0.037495565,0.056372654,-0.036749445,-0.053242378,-0.035815153,0.017615413,-0.051384777,0.06965332,0.071962595,0.07558118,-0.000841597,-0.021903008,-0.044574343,-0.013620025,-0.0028602548,-0.07589261,-0.007570353,0.04584683,-0.02084677,0.079251565,0.023904443,0.07349607,0.04667379,0.06407448,-0.028016493,-0.049083214,0.04453966,-0.025968935,0.07372469,0.02830469,-0.04662863,-0.013340498,0.035702962,-0.012765168,0.009654125,0.06796688,0.033893548,0.057114087,0.0035085664,0.009776675,0.0034360245,0.013419718,0.0043797144,0.061373048,-0.088241644,0.031025168,0.0016507653,-0.050803453,0.0651077,0.013605585,-0.09528193,0.037528668,0.054215014,-0.056528762,0.05129314,0.031855155,-0.045995474,-0.0050634234,0.05035449,0.0040458255,-0.06473487,0.026958054,-0.0721738,-0.0021397944,0.08233114,0.04847489,0.06710968,-0.059295293,0.035573654,-0.04473142,-0.054865513,-0.019041825,-0.046291698,0.048848793,0.026758907,0.02023762,0.026193632,-0.020619638,-0.022139048,0.09045068,-0.074749574,-0.0019904757,-0.026614007,-0.016677812,-0.03503672,-0.037932865,-0.001069936,0.0026538367,-0.014902916,-0.04015682,0.044963032,-0.022831414,0.0107926475,0.039193757,0.038969122,-0.043450914,-0.048786838,-0.027291434,-0.038622078,-0.013040869,0.074747734,-0.07986838,-0.034834668,-0.0021459428,0.05559822,0.0033221487,0.087396465,0.00066597684,0.0048432387,0.090339795,0.06933789,0.05331773,-0.029136728,0.014560253,-0.030674767,-0.02328435,-0.07706873,-0.037377596,0.054986507,-0.0009777574,0.027768219,-0.029606909,-0.030982805,-0.010759772,0.031384684,-0.006684281,0.040272728,0.035316844,-0.0299365,0.0031350825,0.019871641,-0.047788553,0.02775225,0.085521296,0.025584118,0.024726711,0.030537266,0.04965825,0.021564184,0.031326964,0.04270399,0.023813462,0.023108296,0.006386682,-0.040558968,0.023627575,-0.054229785,0.008257947,-0.009378294,0.026586153,-0.03337316,0.025732746,0.032020543,-0.01149539,0.04235532,-0.026801338,-0.0042247763,0.011717639,-0.03183561,-0.071091525,-0.06075613,0.02322684,0.023196064,-0.012511134,0.039047055,-0.0058764764,-0.028252086,-0.012660392,-0.01225837,-0.046795942,0.09244249,-0.025960034,-0.025611576,-0.0529851,0.061913706,-0.028480893,-0.08398618,-0.0054625277,-0.026642378,0.0022863643,-0.0580006,-0.030750252,0.066662244,0.044479027,-0.056212883,0.0112580545,0.03848382,0.041194748,0.034384254,0.07350027,-0.022750424,-0.02304815,-0.055742543,0.010891111,0.043240648,-0.005239127,0.071823195,0.066457644,-0.06825246,0.019459173,-0.047926363,-0.04521239,-0.019079976,-0.029120909,0.055471238,-0.019710997,-0.06176939,-0.05268503,-0.03596206,-0.06447008,-0.08274554,0.026829092,0.050923716,0.048503943,-0.0047159526,0.02556464,0.009472663,-0.014186331,-0.06875591,-0.030181367,0.06403659,-0.041742742,0.05268617,0.0054150964,-0.039465077,0.017853772,-0.074080445,0.06328736,-0.017088078,0.050459623,-0.072629616,-0.06220589,-0.011990031,0.08059418,-0.019735364,0.0642399,-0.0028025594,0.04227686,-0.013825355,0.035344422,0.020057326,-0.041546613,0.04345164,0.050103843,-0.0154137965,0.018968346,0.035171922,-0.0050129243,-0.015020108,-0.011644917,-0.025838738,-0.04458615,-0.057837144,0.010882402,-0.0031849537,-0.006844076,-0.007971226,-0.078355744,0.0022732185,-0.043307997,-0.09905179,-0.036747333,-0.059805382,0.065737985,0.05724742,0.07499555,0.05906041,-0.04523186,-0.039602697,0.00080412516,0.0045996853,-0.03329465,0.054262564,0.058130413,-0.040171552,0.029652402,0.08300946,-0.003634544,-0.00093456486,-0.010395744,0.0155067565,0.06844434,0.076946214,-0.035088122,-0.07834649,-0.044639077,0.027526438,-0.026053477,-0.048577312,-0.035416264,0.042295385,-0.054370124,-0.077575445,-0.020757873,0.020136613,-0.023441697,0.016404336,-0.019327689,-0.064643204,0.06353856,0.043309614,-0.049285647,-0.017572558,0.044000134,-0.024498818,-0.013272167,0.0067961486,0.013067542,-0.04613912,-0.032890555,0.010924221,0.014412002,0.008548421,-0.0072659785,-0.060995717,-0.030391617,0.011413404,-0.042526156,0.055205785,0.06006668,0.03832676,0.05401785,-0.06329768,0.056069285,0.06330267,0.057030868,-0.0115942815,0.012134651,0.046469603,0.022914857,-0.004778827,0.047083594,-0.123609826,0.051242083,0.083944485,-0.015886521,0.014297074,-0.048333228,-0.06429918,-0.027805764,0.045063768,-0.043042213,0.07318321,-0.061911207,0.039292406,0.06273026,-0.031458024,0.008665339,-0.0093821995,-0.051487293,0.030314224,0.025098938,-0.052670322,0.008155983,-0.04240654,0.0021956647,0.0619227,-0.015095979,0.05380803,0.05810119,0.07906166,-0.021113558,0.115500785,-0.046938457,-0.047276452,-0.010226637,-0.072424516,0.022049936,-0.014187079,-0.0002083071,0.015760941,0.04433044,-0.009402055,-0.025447607
0.020244224,-0.011642793,0.047918912,-0.007297874,0.014615282,0.012825992,-0.015254051,0.043795742,0.034926724,-0.0062883454,-0.0020864434,-0.009276462,0.00085564906,0.010090457,-0.07361575,0.06370866,-0.012487487,0.061452616,0.029940668,0.027382327,-0.046373535,0.0929994,-0.068444036,0.0006019026,0.019176994,0.012333308,-0.07660609,0.003260354,-0.03466473,-0.025058726,0.05799073,-0.056430243,0.011866442,-0.04265783,0.07146882,0.003852658,0.060368832,0.07649739,-0.010700646,-0.060699537,0.008649511,0.020629218,0.029195046,-0.06404373,0.06597082,0.058316108,-0.033356484,-0.06733055,-0.044734243,0.04228385,-0.0094428575,-0.04888895,0.006598684,-0.024095297,0.040476445,0.04579564,-0.05370393,0.05638345,0.019659534,0.035350025,0.09358487,-0.08750035,0.019230207,0.013257454,-0.0021521794,-0.020251075,-0.010948093,-0.024772715,0.02233753,0.055310342,-0.08851731,-0.03275812,-0.026328078,-0.011866373,-0.07101001,-0.011376858,-0.016109386,-0.041688345,-0.09235291,0.025211008,0.050706685,-0.01522188,0.060144875,0.006136867,0.028776763,-0.015458889,-0.042453326,0.026492612,-0.04825759,-0.014063921,0.035733998,0.006303725,-0.044465218,0.008259412,-0.0130498065,0.06092954,-0.056987967,-0.004291358,-0.0069583105,-0.009549196,-0.021203274,-0.00022487646,-0.019184666,0.06999123,-0.021986647,0.0011100722,-0.07053547,0.036261685,-0.053568948,0.013615747,0.06611366,-0.038327515,0.018867288,0.039223436,-0.02425551,-0.053563982,-0.020280972,-0.045396842,-0.000943809,-0.012638877,-0.005017458,0.058385033,0.010179066,-0.033012375,0.040794045,-0.015843907,-0.07947305,-0.004401696,0.032513935,0.07868864,0.039515473,-0.054937575,0.002362706,-0.05487224,0.018125933,-0.036493264,-0.054808807,0.032299533,-0.021590874,0.020810593,-0.0051725614,-0.05039178,-0.06992163,0.028413197,-0.03825783,0.076340154,0.04740236,0.073430605,-0.0046710134,-0.03204057,-0.0774135,-0.026348898,0.022739023,-0.06982161,-0.048590463,0.016491564,-0.010277928,0.11129231,0.07373499,0.06821394,0.036570717,0.047212534,-0.02442993,-0.051149108,0.037821304,0.008115856,0.06932962,0.034272186,-0.053315666,-0.022758354,0.06375329,-0.03967566,0.0067903143,0.101577826,0.04281105,0.022208849,0.03277159,0.02165152,-0.002742124,0.035808235,-0.033353113,0.067122065,-0.03827135,0.012402184,-0.025949312,-0.040926285,0.042559955,-0.04974739,-0.07080318,0.0053881905,0.08608714,-0.04266721,0.056401875,0.016978992,-0.04571369,-0.04501695,0.061225668,0.04246579,-0.040200245,0.023657776,-0.05053041,0.052469324,0.05104875,0.021766225,0.01255963,-0.046575483,0.022920843,-0.025227964,-0.08399033,-0.0567608,-0.065089196,0.022622505,0.01657897,0.0038651074,0.020574026,-0.076582894,0.004833348,0.05956837,-0.024992164,-0.01687175,-0.044117805,0.06381438,-0.050329633,-0.022754088,-0.017621016,0.046048734,0.004636927,-0.037560545,0.0367726,-0.01639922,-0.011154721,0.020075249,-0.00528776,-0.028525688,-0.04293916,-0.064406306,0.012583328,-0.03651723,0.09301364,-0.07496965,0.017061422,-0.01942758,-0.0031198966,0.0030319968,0.10199334,-0.017004063,0.035864256,0.060551915,0.034481093,0.0644191,-0.054109856,0.05610295,-0.08283654,-0.055083502,-0.041720297,-0.024706308,0.04190853,0.025267998,0.017643148,0.0076484177,-0.03456787,0.022609647,0.032919616,0.033948984,0.04105989,0.07335003,-0.027923219,0.036791798,0.05832305,-0.07839035,0.009414436,0.08581601,-0.00529042,0.023128513,0.013170539,0.029958783,0.034180295,-0.004212519,0.013498042,-0.004251903,0.0102654435,0.009283212,-0.068120934,0.0009365739,-0.045121234,0.024583332,-0.024781955,-0.003133813,0.008223323,0.010809846,-0.014397586,0.0056815697,0.011468177,-0.03139802,-0.009451666,-0.04125271,-0.00783979,-0.097977765,-0.013598751,0.025369812,-0.0048361016,0.0032511088,0.07897596,-0.03338191,-0.053745605,0.04800421,-0.017086029,-0.0135253,0.074606545,-0.0058524385,-0.047448546,-0.08742948,0.028334124,-0.053647373,-0.068403654,0.009149651,-0.0709509,0.020599633,-0.01890117,-0.076304056,0.052618954,0.027019313,-0.07050005,0.01168964,0.060952004,0.010496885,0.0035840722,0.06758613,-0.036492165,-0.038075086,-0.025661694,-0.05164046,0.069879316,-0.03778082,0.08324279,0.054543525,-0.0775019,0.051559824,-0.07323474,-0.045648303,-0.024096413,-0.04356482,0.044076983,0.03083441,-0.07073827,-0.049388334,-0.014989417,-0.06524321,-0.067212135,0.0052249325,0.0025467887,0.04975781,0.0009319126,0.011404208,0.04334215,0.0116677545,-0.040442213,-0.04163684,0.05504657,-0.052449994,0.04072428,0.018207012,-0.014053279,-0.031613354,-0.052136537,0.047828045,-0.0033894326,0.048739355,-0.06355632,-0.06872049,0.013395819,0.004553413,0.00074450177,0.028243536,-0.016008612,0.05806891,0.051956158,0.0031531102,0.030396182,-0.040549837,0.031358056,0.0590846,-0.0043264306,0.045209423,0.044628926,-0.01975648,-0.012219946,-0.03303891,-0.05076545,-0.043252412,-0.041115325,-0.012918483,-0.024896443,-0.0555368,0.036723975,-0.055450592,0.06054214,-0.04298363,-0.05719768,-0.06482591,-0.06787346,0.04775059,0.023221394,0.056212816,0.058648452,-0.044514716,-0.049109966,0.021640614,-0.049030375,-0.041499592,0.060303707,0.04423791,-0.059218388,0.01479116,0.04016338,0.0011902776,0.017756956,0.025473556,0.024803199,0.043743648,0.045072787,-0.06794409,-0.07767779,0.010568242,0.07566823,-0.020454995,-0.08120499,-0.0035011366,0.02765218,-0.01098085,-0.025010632,-0.024986874,0.005325098,-0.029116686,-0.014336339,-0.0049438314,-0.024153026,0.07323036,0.023854332,-0.06412723,0.005569765,0.035225734,-0.041856162,-0.015052753,-0.0019166139,-0.049771186,-0.04453057,-0.011098078,0.020534955,-0.0041101864,-0.03391599,-0.04402509,-0.0705093,-0.0612897,0.010475206,-0.021731583,0.06393154,0.06353978,0.024973735,0.077147864,-0.00631008,0.059900984,0.05508298,0.092003934,0.008329216,0.048378732,0.02804231,-0.0069256844,-0.02414421,0.052457497,-0.093088225,0.07369123,0.06156477,-0.054514967,0.018186873,-0.07198194,-0.049187575,-0.015509046,-0.020773465,-0.05946473,0.064513765,-0.051119316,0.028194038,0.06911745,-0.06289134,0.0006908431,0.044779845,-0.027654067,0.02858553,0.05743909,-0.04605545,0.0036235948,-0.032468982,-0.041483033,0.05807283,0.021778062,0.04351168,0.0014998436,0.1011662,-0.0006673785,0.09643493,-0.024224032,-0.023790179,0.011209943,-0.05619409,0.016984884,-0.026273891,0.009216418,0.030898253,0.044627067,0.03943252,0.03900605
-0.033466786,0.022596205,0.049891904,0.02694465,-0.0076433956,0.03730165,-0.01319932,0.05964763,0.04136938,0.0051741675,-0.0066844113,0.0014456797,-0.030699102,0.01090064,-0.06394622,0.060988005,-0.016169377,0.04801888,0.03595955,0.027971638,-0.058629185,0.06686993,-0.07653841,0.018537655,0.012545623,0.027909458,-0.074118376,0.014831778,-0.010271305,-0.0052777585,0.076259695,-0.070212536,0.022243839,-0.059565473,0.048393983,0.0023859958,0.042510778,0.08353111,-0.020070562,-0.05367692,-0.011288981,0.037648607,0.006725345,-0.056874324,0.06602406,0.03740027,-0.031738486,-0.07626572,-0.03821181,0.02611208,0.030168246,-0.05662102,0.047199517,-0.019691376,0.038846172,0.06661592,-0.035772454,0.063561514,0.021268472,0.044667456,0.08538575,-0.06814066,0.008808073,0.006860265,-0.0068145515,-0.01487721,0.016169267,-0.015395701,0.017762614,0.058736425,-0.0717769,-0.045226544,-0.0235606,-0.00799951,-0.032549646,0.023321193,-0.0076221577,-0.025257288,-0.107934125,0.030020155,0.0102014085,-0.02151997,0.053238373,0.0002666775,0.058921732,0.0097784065,-0.05364333,0.04812135,-0.049811523,-0.007908536,0.019593498,0.012735662,-0.054387864,0.012995293,0.0031957673,0.06509655,-0.047874004,-0.003504411,-0.019078085,-0.048944402,-0.029729838,-0.022450324,0.0066986103,0.07981996,-0.019511089,-0.003527196,-0.07989246,0.06391997,-0.053822637,0.002490491,0.068376504,-0.03374399,0.008591884,0.006891502,-0.0028898236,-0.06552453,-0.029745,-0.054672718,-0.028824193,0.0310844,0.0077952733,0.068896495,-0.0033649285,-0.037186477,0.044470366,-0.049660154,-0.05132362,-0.0034686672,0.029486613,0.057797983,0.04484189,-0.039318234,0.0046930416,-0.05905863,0.025591126,-0.028892353,-0.055202927,0.022849916,0.0017089313,0.031594854,-0.032815866,-0.058437254,-0.03395205,0.011481261,-0.07044377,0.037341036,0.054002948,0.10632045,0.003660496,-0.026462551,-0.06183834,-0.033215944,0.016308768,-0.06899223,-0.039440077,0.033946317,-0.023117887,0.090922534,0.037171986,0.04726284,0.062211953,0.07262438,-0.045904793,-0.048892517,0.06847998,-0.00083401724,0.078973316,0.04883863,-0.046694294,-0.021199564,0.050804645,-0.043835998,0.024010684,0.084224306,0.05091516,0.047541607,0.0013673414,0.008015148,-0.022647308,0.016009517,-0.027168818,0.058883037,-0.041634686,0.014993389,-0.036199044,-0.04685171,0.03897303,-0.051590394,-0.089339264,0.022190422,0.08581201,-0.039836317,0.03361502,0.036101714,-0.046323266,-0.015772171,0.045916885,0.03722858,-0.086062565,0.038925696,-0.039857868,0.033933852,0.04012949,0.050279453,0.018466996,-0.06489603,0.03751128,-0.04458352,-0.111560285,-0.05003083,-0.06642724,0.07666619,0.020773731,0.018631952,0.051174104,-0.057954654,0.005449885,0.048419394,-0.048913863,-0.013310674,-0.040106647,0.025028145,-0.05450614,-0.03733657,-0.017105337,0.020225462,-0.016926352,-0.0703803,0.026559656,-0.040395096,-0.031936664,0.02551981,0.044789825,-0.029668864,-0.040024947,-0.036443967,-0.003524356,-0.008779167,0.10072858,-0.07504993,-0.02582025,-0.0012235085,0.03380907,0.010943043,0.091078185,-0.021002691,0.0062108375,0.06851655,0.05683745,0.05807518,-0.03891328,0.057297297,-0.067445844,-0.020082597,-0.061398398,-0.0071975216,0.048335318,0.0008054653,0.011092672,0.017289432,-0.029120611,0.012037943,0.030886816,-0.0013947046,0.037419338,0.037890393,-0.029705174,-0.0020880569,0.053217076,-0.060892746,0.02268122,0.08157301,-0.02172757,0.025523374,0.016870826,0.033564225,0.037511747,-0.014356609,0.041944478,0.015870744,0.0071072453,0.010945881,-0.018062286,0.0101183355,-0.040161833,0.0025162718,-0.016352305,0.024730435,-0.022185981,0.021063972,-0.0048702736,-0.029383663,0.017235866,-0.0047200597,-0.014715835,-0.018760294,-0.023405682,-0.08100504,-0.033626586,0.031864688,0.02175632,-0.012088053,0.06786188,-0.0068146815,-0.023739137,0.029148046,-0.038241245,-0.023066984,0.053457577,0.028010687,-0.051161505,-0.07241439,0.054244224,-0.030156404,-0.08676014,0.014992204,-0.020083126,-0.0027812656,-0.035850395,-0.04486197,0.0738219,0.01611139,-0.07797718,-0.0060078125,0.020763317,0.028867913,0.00510113,0.0832264,-0.0011767184,-0.041377276,-0.041943636,-0.017559886,0.065265976,-0.025169753,0.079652086,0.069390796,-0.10233102,0.0037119063,-0.05738163,-0.059969306,-0.03306689,0.0071192486,0.023328628,0.017531471,-0.056572784,-0.067757696,-0.030651191,-0.03994132,-0.05895743,0.0030860542,0.01549118,0.07059438,-0.016364083,0.022265548,0.019839643,-0.012150156,-0.05428315,-0.03591196,0.08366284,-0.0421016,0.033335697,0.005926979,0.0070671807,-0.0046700356,-0.07303919,0.056543894,-0.00531043,0.03692733,-0.06782759,-0.08633099,-0.0027302888,0.056069616,-0.0037466867,0.035895675,-0.016951608,0.06331704,0.016596474,-0.012982558,0.048382036,-0.031251144,0.0223014,0.046206668,-0.0478544,0.047407776,0.020169256,-0.0034425568,-0.037719022,-0.040293876,-0.024870818,-0.046438202,-0.04829496,0.009368635,0.0032266264,-0.04652787,0.022630857,-0.08885339,0.024695773,-0.029530764,-0.083485104,-0.06281847,-0.044011958,0.03919693,0.021651471,0.07089539,0.0509662,-0.041936334,-0.037175946,0.03269418,-0.015208265,-0.04780594,0.045679078,0.030552227,-0.06830298,0.0029093344,0.0632613,0.0035026653,0.032982316,-0.0079201115,0.0072829565,0.05704776,0.050409548,-0.06414939,-0.08403581,-0.012060165,0.048463788,-0.03646991,-0.069068305,-0.033382192,0.06182852,-0.030527737,-0.030603029,-0.0044821613,0.03457608,-0.054967135,-0.006966421,-0.0042125764,-0.034559354,0.0651004,0.07609905,-0.03162377,-0.006352033,0.036305703,-0.055647526,0.0008598136,-0.0017808262,-0.02961193,-0.06496656,-0.0016133711,0.050878476,0.018834794,-0.033428438,-0.04284688,-0.066402115,-0.055084832,0.029075887,-0.018221822,0.078644745,0.053321403,0.026738182,0.05316105,-0.027688373,0.053402513,0.05808929,0.081443556,-0.020651583,0.04318386,0.03136573,0.022995468,-0.023745738,0.06618202,-0.09091716,0.021108793,0.06412132,-0.029432455,-0.0051547084,-0.054000266,-0.041672133,-0.030434895,0.009924713,-0.04451467,0.049729224,-0.06853007,0.045143496,0.077304736,-0.045687955,-0.012248563,0.0017228106,-0.009770568,0.048576377,0.03222694,-0.067091435,-0.013650505,-0.038504124,-0.033942897,0.06311962,0.013870934,0.053679608,0.014813093,0.08968961,0.0030261232,0.08066819,-0.042509638,-0.055128694,0.020007703,-0.08329214,0.013056924,-0.043421756,0.007716603,0.023922062,0.048177186,0.04563174,0.004985682
0.031369608,0.007842677,0.059303366,0.014972096,-0.0037232973,0.038042914,-0.03058923,0.057692554,0.018805929,0.0070197997,-0.03832278,-0.022139557,0.006173871,-0.0032105565,-0.05269276,0.055331588,-0.044921417,0.055499535,0.045131717,0.027788669,-0.06524386,0.08957965,-0.04115207,0.020052752,0.020154404,0.0065609356,-0.09252021,0.03604995,-0.034693643,0.00284091,0.061050043,-0.043016482,0.012878742,-0.09408883,0.0625851,0.005207483,0.02720235,0.07010987,-0.033644184,-0.04785548,0.0016344411,0.026133062,0.007122902,-0.057363026,0.08312489,0.042048097,-0.016667984,-0.04251541,-0.06293613,0.03463854,0.0148274135,-0.04846477,0.016494337,-0.029475965,0.044753443,0.034750853,-0.036941297,0.041754425,0.009938737,0.024460962,0.07294828,-0.077671625,0.029760642,0.013071215,-0.004349211,-0.03145102,-0.022886125,-0.024879731,0.030066272,0.072972916,-0.07673109,-0.046147972,-0.0312844,-0.041108537,-0.07839871,-0.007516329,-0.00970026,-0.056659568,-0.07443329,0.022470944,0.023914915,0.006062593,0.051092103,-0.012479517,0.046539575,-0.0069757607,-0.04709983,0.025748573,-0.04702308,-0.038280226,0.02731766,0.0052067474,-0.056086946,0.016192056,-0.021990452,0.07451525,-0.057350617,0.026862008,0.015475876,0.0031026758,-0.033876553,-0.006016158,-0.012995517,0.07480629,-0.015420383,0.00809838,-0.053312756,0.040315147,-0.026329428,-0.005600074,0.07748512,-0.026885964,0.022947883,0.02689611,-0.053212583,-0.042784836,-0.03794206,-0.029270016,-0.0029435882,-0.0033885406,-0.0038286957,0.075051054,0.03727628,-0.03613494,0.069727205,-0.029849023,-0.06940715,-0.0060110227,0.01787104,0.07208034,0.037453137,-0.04148256,-0.003991131,-0.061265238,0.005846799,-0.031608984,-0.050713364,0.048155434,0.006090358,0.046126362,-0.01709846,-0.044160936,-0.06476224,0.009829621,-0.0418482,0.071469106,0.07448467,0.067006625,-0.0034672453,-0.046872873,-0.061273456,-0.025320573,0.046521958,-0.044791978,-0.028682653,0.01368796,-0.013047328,0.110095814,0.062196154,0.061570402,0.039751545,0.06933057,-0.047198944,-0.07515923,0.025738519,0.014475679,0.05084386,0.029587016,-0.066770166,-0.025664382,0.044744384,-0.040229212,0.00871252,0.08498523,0.050644513,0.052849617,0.027035896,-0.016836407,-0.01480488,0.019131867,-0.019843021,0.04909633,-0.032201566,-0.0070548365,-0.006310378,-0.08002438,0.036702603,-0.06439788,-0.069976784,-0.0045393207,0.06912666,-0.061539773,0.021619717,0.045326978,-0.032021243,-0.05579258,0.08321178,0.048546337,-0.07826824,0.013828571,-0.063201375,0.013626657,-0.008492818,0.015800696,0.033479538,-0.046426702,0.044713467,-0.028416818,-0.0686907,-0.04839588,-0.072729014,0.02787158,0.014072164,-0.0012493903,0.041488763,-0.034527782,0.021935834,0.06062493,-0.04982652,-0.0118844155,-0.055979352,0.047004893,-0.062475782,-0.0065071126,0.0022645993,0.03780587,0.02229823,-0.05996966,0.009391644,-0.014623891,-0.0024244566,0.017797966,0.01915135,-0.036622453,-0.058821652,-0.06400674,0.020618966,-0.01708865,0.11313175,-0.07155931,0.019479327,-0.0015968751,-0.0060584666,0.03367267,0.103741676,-0.051441345,0.026688673,0.042684153,0.021113515,0.06140154,-0.0523157,0.038302425,-0.08381346,-0.058417354,-0.052557137,-0.016671203,0.031060573,0.013719368,0.02603197,0.03395601,-0.0006559192,0.019658586,0.008342924,0.024397379,0.05499336,0.046104293,-0.01966117,0.033808306,0.0634968,-0.075716235,0.005192001,0.07153326,-0.014213319,0.03977316,0.008783134,0.024160054,0.04648247,0.016652578,0.026487485,-0.012046805,0.008426644,-0.013352669,-0.07437681,-0.010726531,-0.032481417,0.017903315,-0.001291113,-0.0061097434,0.021232454,0.015311618,-0.021432329,-0.01760673,0.011482801,-0.0063345875,-0.019750413,-0.026219323,0.006796533,-0.0774286,-0.04004425,0.019868711,0.011682007,0.007153205,0.057284016,-0.040391356,-0.057011865,0.033425413,-0.027776381,-0.016603576,0.071654685,0.0075613363,-0.0660781,-0.08361378,0.037792996,-0.049553245,-0.06783,0.005032774,-0.038652096,0.021144269,-0.0017633847,-0.043086804,0.07841595,0.00024553388,-0.09940177,0.000399595,0.05279658,0.041352548,0.010445016,0.04703867,-0.021445662,-0.039570503,-0.027369197,-0.027723763,0.06498771,-0.050646245,0.097988866,0.05260658,-0.06990386,-0.0046528103,-0.0573068,-0.021221377,-0.035301033,-0.02693604,0.027858268,0.028079726,-0.04668021,-0.03356865,-0.020143053,-0.045043442,-0.07301923,0.0043635326,0.0026128797,0.05634673,-0.010918344,0.020786302,0.033574305,0.0080053955,-0.053467818,-0.044497326,0.07714813,-0.06265472,0.025835305,0.046055328,0.0047933524,-0.009831003,-0.056555975,0.046804953,0.009899137,0.03563701,-0.06436837,-0.050990123,-0.0053452076,0.05179374,-0.0017502997,0.0035361324,-0.028203037,0.08393023,0.03683519,0.026532406,0.034319308,-0.023217803,0.0573381,0.07897359,-0.011259172,0.039571773,0.043120924,0.023801858,-0.009883136,-0.036324207,-0.0550274,-0.014298529,-0.04901361,-0.017027589,0.0100064445,-0.054253884,0.015230326,-0.05259146,0.055285633,-0.023631554,-0.07433514,-0.06720577,-0.058776703,0.053138312,0.021132514,0.073033005,0.04760804,-0.04937039,-0.045855053,0.027139628,-0.034210823,-0.025152655,0.044704907,0.053770386,-0.06898964,0.00045715345,0.05038938,0.016915882,0.026503531,0.0014931381,0.022887811,0.06282391,0.048683975,-0.08841992,-0.09132101,0.012399976,0.071218655,-0.037895136,-0.08272009,-0.007495397,0.028288089,-0.03717219,-0.028838191,0.003852681,0.021824645,-0.03335513,-0.028310904,-0.01877674,-0.01629804,0.062181152,0.04694086,-0.040981725,-0.022524182,0.032561645,-0.053193,-0.033760298,-0.00502473,-0.053002246,-0.0552732,-0.011994238,0.041384503,0.008795901,-0.040669844,-0.0383118,-0.039974634,-0.06259333,0.0026086397,-0.018825311,0.050293345,0.08088554,0.027477428,0.06836053,-0.039993204,0.06267247,0.06370445,0.06979123,0.0027271875,0.017000146,0.011838787,0.009493039,-0.004405946,0.04129083,-0.07732091,0.05966806,0.06602028,-0.022179404,0.023899652,-0.07948583,-0.05548898,-0.016857062,0.008152965,-0.081779085,0.06220357,-0.07791487,0.04623304,0.04738475,-0.030431561,-0.02349884,0.038172744,0.0022057614,0.008400876,0.05451271,-0.045596536,0.029638942,-0.0038826386,-0.03697524,0.044947583,0.03197123,0.045476276,0.023257611,0.11197048,0.0064564147,0.083521016,-0.019242356,-0.05978059,0.015054724,-0.07150916,0.0060782228,-0.020396275,0.034551844,0.018446205,0.022430263,0.048909687,0.03720637
0.0077926447,0.013285118,0.06709295,0.012050861,-6.650652e-05,0.019476246,-0.0153892385,0.043989494,0.007291164,0.022996292,-0.008998502,-0.055937342,0.029781451,0.0023590736,-0.04848287,0.067887016,-0.05242028,0.042612907,0.02477228,0.033149365,-0.04192555,0.09972001,-0.05177446,0.035085384,0.030861838,0.019093385,-0.08461488,0.018205933,-0.026666105,0.0071749496,0.08233257,-0.047235973,0.040794797,-0.07236414,0.057158474,-0.009384328,0.040316936,0.09602605,-0.028483884,-0.083396174,0.012318231,0.024345726,0.02329514,-0.05868004,0.050154272,0.026157325,-0.025985133,-0.03960165,-0.037428685,0.014348718,0.03448628,-0.03322586,0.03538407,-0.025070464,0.050433278,0.0544609,-0.07037406,0.06092737,-0.007389181,0.002461259,0.06993354,-0.07333997,0.0058601466,0.010904036,-0.00048771084,-0.024416571,-0.002571086,-0.026047563,-0.0062317704,0.063015744,-0.086552836,-0.049416505,-0.02123022,-0.024844201,-0.06262044,-0.023124823,-0.010934686,-0.04207438,-0.08783064,0.020437958,0.023394717,-0.0063558547,0.061755575,-0.014425487,0.04641268,-0.024936637,-0.038394228,0.011463765,-0.05250654,-0.028924918,0.020403316,0.004339515,-0.047719315,-0.0014236225,-0.018817643,0.09324544,-0.05072371,-0.0036319564,0.033399258,-0.0066710226,-0.0066076005,-0.03137453,-0.024223778,0.0806551,-0.016889093,0.017582519,-0.03520381,0.015715867,-0.023486152,0.0061754263,0.08700935,-0.017916108,0.034439925,0.029892182,-0.043355353,-0.05731289,-0.034374814,-0.04249021,-0.01398006,-0.01496708,0.018068865,0.049696032,0.02382538,-0.036999162,0.042837717,-0.020172607,-0.075902455,-0.017627928,0.01677941,0.060949273,0.023718173,-0.06302308,0.0029525727,-0.051101763,0.005996609,-0.020310333,-0.04906858,0.059027143,-0.023151051,0.0334459,-0.017021393,-0.03479154,-0.056721542,0.025279138,-0.062830545,0.079871655,0.039413575,0.08237328,-0.0066713504,-0.027735647,-0.06634879,-0.03511562,0.04859868,-0.040747933,-0.041621167,0.032799333,-0.014613331,0.12492503,0.0562896,0.0726264,0.04745818,0.05317418,-0.031638004,-0.061424304,0.029252721,0.028847132,0.06200384,0.02258016,-0.05674063,-0.016602824,0.054143604,-0.037102945,0.0004935654,0.08443367,0.062571384,0.029938687,0.0005566863,-0.000332296,0.0025398731,0.021311557,-0.041528255,0.06814453,-0.022639262,0.0032374712,-0.007034545,-0.07126273,0.053256873,-0.056158043,-0.05356447,0.0056963786,0.06168374,-0.049311053,0.042951204,0.03708944,-0.041871607,-0.0329582,0.08158617,0.05299402,-0.077186234,0.03980287,-0.05693876,0.035588928,0.038797222,0.024806071,0.02463572,-0.05397718,0.05563593,-0.02514623,-0.083375536,-0.06273804,-0.073461905,0.0466293,0.01565686,0.012944671,0.046066422,-0.03805819,0.00068788487,0.07155072,-0.03756927,-0.031394843,-0.024131492,0.042772446,-0.058725256,-0.013520901,-0.029041128,0.06007683,0.023036504,-0.043615222,0.030649593,-0.01622615,-0.012882173,0.006365592,-0.0002697328,-0.046404418,-0.050635137,-0.049689934,-0.00044978005,-0.009317026,0.07523739,-0.07881531,-0.01768826,-0.017511612,0.0034885595,0.018960506,0.10216289,-0.027422708,0.015402341,0.03682104,0.0309169,0.006613543,-0.05081481,0.04017399,-0.057451084,-0.04609198,-0.05041113,-0.03723859,0.018777156,0.028356938,0.024448061,0.02311943,-0.017553326,0.02286191,0.013880042,0.05469618,0.06702028,0.04723969,-0.026790407,0.02636126,0.042257104,-0.08145549,-0.025144303,0.056628887,0.0031423338,0.037640225,0.019144384,0.018216992,0.02123034,0.0388229,0.039300453,0.00087547716,0.0041102497,0.0014950472,-0.04976509,-0.008019712,-0.04191375,0.03245891,-0.028582674,-0.012997529,0.012504517,-0.009951487,-0.011659562,-0.02127631,-0.0005793489,0.00029547018,-0.034941584,-0.015126113,0.0023161578,-0.065283656,-0.03150129,0.029480288,0.031961553,0.032374606,0.05993268,-0.047784798,-0.050392725,0.044969264,-0.02628144,-0.021065556,0.0787593,-0.032644846,-0.042818874,-0.06741557,0.043547243,-0.030117536,-0.06484855,-0.0016174102,-0.057842124,0.010924319,-0.00068455946,-0.05366227,0.07169595,0.031636517,-0.08000895,-0.0051066307,0.07598795,0.015808487,0.016062966,0.061344285,-0.03086621,-0.058179457,-0.065115266,-0.013915853,0.08054203,-0.048784766,0.09418123,0.06491413,-0.04951356,0.029714104,-0.07487318,-0.046501413,-0.004556116,-0.06307725,0.052865084,0.03760477,-0.05937413,-0.063728295,-0.0007725486,-0.045383908,-0.068221495,-0.00093472353,-0.0025794115,0.046828907,-0.0092751095,0.00026728906,0.031941548,0.012082739,-0.06255448,-0.037825007,0.052208684,-0.073133625,0.025578622,0.025191013,-0.0007313008,-0.023181193,-0.08348923,0.021914102,0.011938184,0.042412534,-0.07211622,-0.0443615,0.031475764,0.05449546,-0.012711501,0.031885087,-0.024399852,0.06043584,0.057301972,0.006016139,0.03982109,-0.031807892,0.041056477,0.082938455,-0.019898074,0.047597323,0.054140043,0.003968372,-0.03210743,-0.020285279,-0.03662156,-0.017632697,-0.024398794,-0.023234857,-0.021274365,-0.0672633,-0.0013354858,-0.052099295,0.037041415,-0.054617353,-0.0674052,-0.065503664,-0.06815972,0.06337572,0.029475577,0.090307966,0.04684478,-0.0396826,-0.04609769,0.024110071,-0.018036652,-0.05515224,0.0403088,0.055118255,-0.06897649,-0.0029566837,0.045000635,-0.016572328,0.025321096,-0.0030538584,0.016260764,0.062094897,0.046922486,-0.062514454,-0.07242664,-0.009247264,0.07993319,-0.031104187,-0.083399735,-0.026103461,0.02809511,-0.01673046,-0.056545924,0.014428986,0.013284997,-0.043278266,-0.010536433,0.0031694989,-0.044911794,0.053326946,0.050371177,-0.052460924,0.014064338,0.052080877,-0.053942364,-0.03351783,-0.023235092,-0.045632374,-0.0379883,-0.01061079,0.025565226,0.005118803,-0.02928604,-0.0386821,-0.049947336,-0.09160583,-0.011548563,-0.03267722,0.052723113,0.071217,0.021455258,0.05307615,-0.011413215,0.050982356,0.05657924,0.07321012,0.0020800016,-0.0038265004,0.016771773,0.024933303,-0.031417266,0.0447771,-0.10589473,0.056400258,0.06994266,-0.030934533,0.007425046,-0.06494542,-0.045727525,-0.030810852,0.0117157595,-0.058375783,0.053229462,-0.056655314,0.057501074,0.02328012,-0.03764617,-0.017396908,0.03595027,-0.006246397,0.029465236,0.06518581,-0.048390124,0.023631584,-0.0009306886,-0.046727706,0.05384277,0.03422486,0.043996554,0.01896984,0.10487599,0.0035567626,0.101798475,-0.0041562906,-0.05542231,0.010856321,-0.0481027,0.002984942,-0.035859298,0.016649473,0.022680001,0.0344588,0.033888515,0.02732896
