0.058024216,-0.1767382,0.10127148,-0.08159159,0.05795604,-0.03828331,-0.033350613,-0.0061684097,0.0065289857,-0.0032529456,0.022042114,0.014778344,0.04312459,0.13653779,0.106596924,-0.17694375,0.11076795,-0.131028,-0.10203459,0.013199011,0.11960176,-0.050703466,0.06540872,-0.05867318,0.020110168,-0.10496092,0.032700032,-0.07780084,-0.021285495,0.16592647,-0.08914631,-0.13815248,0.026150769,0.093247905,-0.008075426,0.037303716,-0.053532824,-0.0837071,0.033126287,-0.021550803,0.00666847,-0.023528507,0.0049298555,0.105889514,0.0047885734,0.032254912,-0.072053604,0.092829816,0.068933204,0.0047329864,0.11491333,0.06299941,0.116603546,0.14071189,-0.14172785,0.08674016,0.033601623,0.13472094,0.06240781,0.0015074273,-0.023452958,0.10142066,-0.012814831,-0.11286912,-0.0434024,0.063654125,-0.1132647,0.09768282,0.046221606,0.012693883,-0.09319423,0.004953028,0.008813634,0.023864023,0.02356428,0.06885941,0.051903345,-0.044598814,-0.11279078,-0.062378284,0.15281458,-0.021760192,0.1966388,-0.01674255,-0.30143523,-0.052937903,-0.030277167,0.020235138,0.0889515,-0.06306769,-0.040035665,0.060363133,-0.024074946,0.072785765,-0.0489097,0.12930806,0.11677825,0.032522935,-0.016140493,0.17029291,0.100363635,0.18169439,0.13464428,0.020537376,0.086786665,0.012313464,0.10590174,-0.003034325,-0.0022710208,-0.0033135954,-0.14509766,-0.058435,0.10507837,-0.056790587,0.23048839,0.037201997,0.020071354,-0.06510038,-0.034667652,0.1451758,-0.079827785,-0.116723105,0.10540161,0.11587169,-0.056097932,0.019729856,0.04184546,-0.02460598
0.04851726,-0.1847754,0.100411005,-0.07849691,0.06414578,-0.046189237,-0.027649323,-0.0050129173,0.011939702,0.0034229318,0.007266395,0.019959,0.032832157,0.1386648,0.107321374,-0.17943975,0.113578975,-0.124012105,-0.09689373,0.023404917,0.11255296,-0.037593365,0.06232567,-0.063275166,0.022306593,-0.108261816,0.033067483,-0.08298854,-0.0253498,0.1755933,-0.08971993,-0.13206589,0.027065692,0.10277449,-0.01721223,0.03536119,-0.056392558,-0.08407776,0.041611586,-0.011760946,-0.0066241403,-0.02793902,0.010662206,0.09595332,0.000675587,0.025262117,-0.080650955,0.09090975,0.06318222,0.00965605,0.11233141,0.062151883,0.12259618,0.13972749,-0.14074181,0.08839735,0.037903916,0.13045374,0.051596846,0.0014953377,-0.017875252,0.10255338,-0.0047214027,-0.11417345,-0.0432212,0.054580674,-0.11656757,0.10029361,0.043749887,0.016579913,-0.08778233,0.014735863,0.014250368,0.019742476,0.02608723,0.08103218,0.038241044,-0.047064792,-0.12232673,-0.054534886,0.15277304,-0.02550448,0.19134302,-0.013702268,-0.29748288,-0.045068186,-0.029998882,0.021315133,0.09383306,-0.0635943,-0.032303546,0.062152654,-0.020486707,0.07275146,-0.048305437,0.12306409,0.1305422,0.026730431,-0.020655585,0.1720808,0.106228374,0.17155148,0.13845514,0.030831678,0.080505975,0.013558816,0.098459214,-0.013437358,-0.0062703667,-0.0013986912,-0.13870329,-0.04642926,0.10494959,-0.062167075,0.23134798,0.04626308,0.015471331,-0.066616915,-0.026863022,0.15106864,-0.08784484,-0.12095149,0.107707076,0.11771547,-0.054660294,0.016917054,0.03364826,-0.026821692
0.034920942,-0.18752198,0.100151464,-0.07811476,0.066426635,-0.037432253,-0.017980197,-0.014683235,0.02135942,0.009943714,0.003424275,0.020015642,0.022068823,0.13213558,0.11101257,-0.17091738,0.118426636,-0.10886902,-0.093181625,0.035030995,0.11950072,-0.045227766,0.05927631,-0.078176774,0.024455693,-0.11142599,0.03955446,-0.07984437,-0.021464797,0.18091631,-0.09458622,-0.13687463,0.02811403,0.100719705,-0.0090129785,0.030826755,-0.05746006,-0.09495927,0.05001615,-0.015532268,-0.0072163013,-0.018577369,0.019955782,0.088608846,-0.0055088094,0.028201045,-0.061734255,0.09676137,0.08131078,0.016688615,0.11003309,0.056780744,0.11780539,0.14071605,-0.122584626,0.08621554,0.03406478,0.13305569,0.048948105,0.0001530114,-0.02402158,0.09488167,-0.012201322,-0.10517118,-0.03247526,0.06092683,-0.106727295,0.080795474,0.03127842,0.009615478,-0.08828379,0.02275647,0.006838802,0.041528903,0.020393213,0.083944075,0.04309649,-0.050190847,-0.13177387,-0.05983581,0.1551745,-0.02009577,0.19781408,-0.013839729,-0.28838933,-0.035578888,-0.01897131,0.03282002,0.11099707,-0.06658519,-0.016018027,0.064262375,-0.020414194,0.07682053,-0.0694555,0.117996894,0.120910145,0.03050325,-0.041388407,0.17042367,0.11716553,0.17019612,0.1468645,0.031077962,0.07979308,0.0023796053,0.088403694,-0.0062455684,0.0031439492,0.0003105434,-0.14749344,-0.041115563,0.10189662,-0.07550308,0.22416624,0.049768645,0.019027045,-0.06373243,-0.023600679,0.16099088,-0.10471182,-0.11809389,0.118188955,0.11580877,-0.045718856,0.013813418,0.023743002,-0.02150049
0.04493773,-0.18701658,0.08020632,-0.07035153,0.07889534,-0.03824141,-0.031124115,0.002793846,0.025619194,-9.7314696e-05,0.017480012,0.012360383,0.033857774,0.1286127,0.11966386,-0.17301907,0.10911311,-0.113020055,-0.09842514,0.0037730644,0.13335112,-0.05108451,0.04693847,-0.056492943,0.018014876,-0.12106371,0.03141192,-0.07593926,-0.014097489,0.15462573,-0.09056594,-0.15005367,0.026973013,0.09498414,-0.01828722,0.032309096,-0.0578011,-0.09924145,0.022687273,-0.02103664,0.003892191,-0.0058960253,0.012862278,0.11240483,-0.010412332,0.02031361,-0.048078284,0.09447741,0.07799751,0.003839181,0.1144757,0.06916518,0.11068093,0.13911077,-0.1397369,0.091751166,0.031819183,0.12658507,0.07052719,-0.0031242718,-0.034820974,0.10187503,-0.014674532,-0.109746195,-0.03323306,0.07131986,-0.10012124,0.10219375,0.056979034,0.0074987016,-0.09215982,0.0037861527,0.0062838597,0.041201234,0.033060778,0.07077912,0.060311597,-0.0513222,-0.11306783,-0.07349183,0.14367142,-0.04467721,0.20240897,-0.020577936,-0.2984942,-0.040448636,-0.014430957,0.02469563,0.08934975,-0.060023963,-0.033945084,0.077927075,-0.028566537,0.07888872,-0.045079995,0.11170488,0.124635644,0.032329876,-0.0077620503,0.15589373,0.10609474,0.18134998,0.13217787,0.02051394,0.086762324,0.01785033,0.105341,0.0062536234,0.00991231,-0.0036395816,-0.14978002,-0.055896062,0.101493396,-0.062640585,0.23642498,0.022994911,0.0146936225,-0.06900642,-0.030411633,0.14354223,-0.087868996,-0.11642511,0.10059771,0.123643205,-0.059578214,0.016921261,0.033790763,-0.026970575
0.05598374,-0.17896982,0.093346186,-0.07917322,0.06780192,-0.0428735,-0.027448943,-0.0014257318,0.01602893,0.0010453382,0.015240149,0.020585269,0.041886624,0.13977775,0.10849025,-0.17341028,0.10742649,-0.121335305,-0.10015064,0.015801715,0.12074579,-0.0445879,0.063371934,-0.05518899,0.024809733,-0.11255482,0.02683947,-0.07939946,-0.023469446,0.16863798,-0.09226432,-0.13967271,0.027393738,0.09441864,-0.017633844,0.040361095,-0.052651454,-0.08773588,0.030915141,-0.017796345,-0.002209593,-0.021183673,0.0054909205,0.09956633,0.0009755979,0.03101141,-0.06979539,0.088226795,0.063529715,0.006294425,0.1152383,0.06096362,0.11951603,0.1408691,-0.14139423,0.0852175,0.038656544,0.12912358,0.060616404,0.0002797626,-0.028430384,0.10327305,-0.009621387,-0.11317062,-0.03686364,0.06398434,-0.11197528,0.106093585,0.05562244,0.015598786,-0.090643644,0.0043589133,0.0128302295,0.018300116,0.027619788,0.075576805,0.05280178,-0.047899246,-0.11979904,-0.06424617,0.1525358,-0.032938123,0.19827273,-0.014204326,-0.2991223,-0.046535842,-0.027981263,0.018763913,0.08855977,-0.07058355,-0.030560069,0.063097365,-0.033902824,0.07544549,-0.045514353,0.11620181,0.12368784,0.030660776,-0.015078683,0.16312319,0.097503915,0.17601223,0.14205739,0.026290145,0.08599062,0.016905516,0.10600413,-0.0041113184,0.0017996399,-0.0062681898,-0.14446878,-0.052728675,0.10800322,-0.05480338,0.23409748,0.04447718,0.022040473,-0.06443724,-0.029141098,0.14882575,-0.0801421,-0.1195204,0.10004781,0.12121745,-0.05672054,0.016301185,0.038096424,-0.02114405
0.046732,-0.18271689,0.09582819,-0.08094633,0.0630494,-0.05041686,-0.028309954,-0.0027812393,0.012137459,0.0035387976,0.015906077,0.021777352,0.04347252,0.13864285,0.10485049,-0.17609291,0.11099449,-0.12497564,-0.097263925,0.024956243,0.11062341,-0.040319238,0.06853063,-0.06567566,0.021749405,-0.11218128,0.026958449,-0.081171446,-0.027619664,0.17446704,-0.095173694,-0.13527541,0.025976386,0.09361965,-0.0151223475,0.040953837,-0.057829436,-0.08455758,0.044057745,-0.022398412,0.0017094103,-0.024440687,0.011575567,0.09966762,0.0032866467,0.031545185,-0.07714901,0.09006066,0.061186977,0.0062187533,0.10464917,0.06503732,0.12224386,0.13893673,-0.13459976,0.0777193,0.039702885,0.13250478,0.055942062,0.004092559,-0.0155600505,0.101371475,-0.011570694,-0.11527703,-0.046074823,0.054626014,-0.122227445,0.09641706,0.045321256,0.022621496,-0.0888091,0.018201765,0.014677928,0.018566452,0.024556233,0.075181015,0.041019794,-0.04639128,-0.12080045,-0.051675983,0.1558129,-0.016754575,0.19626938,-0.012408773,-0.30133474,-0.049524568,-0.030132154,0.021371976,0.0968114,-0.07252389,-0.030236337,0.06400784,-0.027627008,0.07430098,-0.05154969,0.12208484,0.13013984,0.027816543,-0.029048799,0.16671091,0.11130973,0.1699009,0.13758673,0.019552553,0.08280258,0.010093934,0.10136498,-0.013336055,-0.004280594,0.0007175609,-0.1424005,-0.046579685,0.10080926,-0.0607315,0.2266801,0.04958802,0.017414305,-0.061262395,-0.029385906,0.15716065,-0.085503325,-0.121075794,0.09872507,0.11682048,-0.055667687,0.011696172,0.031851746,-0.028805606
0.045437556,-0.18713039,0.09977464,-0.07256616,0.065741785,-0.046259224,-0.026867501,-0.0002792694,0.010767825,0.008512926,0.0078257425,0.02030397,0.036969263,0.13711984,0.114887126,-0.17846924,0.12004688,-0.12225582,-0.093665116,0.023149317,0.11650569,-0.039145645,0.06534335,-0.064806476,0.02093461,-0.106002435,0.037720393,-0.0837159,-0.01880378,0.1665419,-0.089174725,-0.13632411,0.028240098,0.09287082,-0.018935613,0.032112744,-0.061984584,-0.08422645,0.04702642,-0.0129566025,-0.001758146,-0.0261001,0.013614839,0.10738595,-0.00044482644,0.02701979,-0.07744547,0.09918418,0.065130405,0.008888552,0.10831269,0.07045687,0.119017765,0.13806264,-0.13484189,0.08553474,0.039300226,0.13428247,0.051627282,0.0052052555,-0.02241342,0.10531156,-0.0022685607,-0.11635456,-0.041850373,0.05357853,-0.11394226,0.100245744,0.046716798,0.020587627,-0.08872353,0.01807859,0.0105659375,0.022943662,0.024733022,0.075853765,0.044253387,-0.045943208,-0.11576204,-0.05209167,0.15014192,-0.024111817,0.19591053,-0.016986763,-0.2979482,-0.0474316,-0.025885781,0.025593033,0.09390107,-0.06526916,-0.030757245,0.0636763,-0.01649285,0.0708619,-0.050269444,0.12030027,0.1296388,0.028203677,-0.024568914,0.17037807,0.10690531,0.1768265,0.13830714,0.02561559,0.07898708,0.009645032,0.09843868,-0.0120847775,-0.006392489,0.0009193405,-0.14251144,-0.04605724,0.101878725,-0.066287875,0.22464786,0.039243557,0.023522688,-0.072767876,-0.029369054,0.1552456,-0.08476004,-0.117325746,0.10646662,0.11590181,-0.054846913,0.017926505,0.035917778,-0.031168593
0.051757418,-0.18845932,0.09272866,-0.07679532,0.071934335,-0.046116013,-0.019529134,-7.897615e-06,0.024672942,0.005743197,0.0004902206,0.02271931,0.024465881,0.13743621,0.10962405,-0.17808738,0.10562121,-0.10958901,-0.10257855,0.022417687,0.12468297,-0.03301479,0.051735006,-0.056356613,0.030047214,-0.11096356,0.024051992,-0.08781712,-0.020453468,0.1792744,-0.089091316,-0.1340171,0.027621098,0.10624968,-0.0183637,0.036968026,-0.054309368,-0.093664154,0.033272546,-0.0022629169,-0.014970898,-0.020289913,0.0142428735,0.090603314,0.002600149,0.016671214,-0.07130027,0.085276864,0.06599602,0.012569134,0.12492479,0.05873273,0.12781079,0.13479978,-0.14886636,0.094846144,0.039616335,0.12719476,0.055745255,-0.007244459,-0.02982242,0.10411219,-0.0085693505,-0.103341244,-0.033152726,0.0718451,-0.10567048,0.10424889,0.048357923,0.0088547785,-0.08298983,0.0050602355,0.014604854,0.022486033,0.032955147,0.0845103,0.051728975,-0.051412582,-0.11915613,-0.06209786,0.15353891,-0.045413427,0.18885197,-0.012754329,-0.28838038,-0.030010115,-0.029900083,0.018370183,0.0914247,-0.05558254,-0.022849804,0.06350322,-0.026099743,0.06928284,-0.037105292,0.11574431,0.12909697,0.024128383,-0.012161446,0.16746709,0.094576225,0.1721535,0.14559379,0.04780968,0.083079726,0.022663927,0.09914067,-0.008721577,-0.0040095425,-0.009285286,-0.13728255,-0.05061838,0.11994185,-0.050045002,0.24343236,0.046316095,0.017505312,-0.06895802,-0.02061802,0.14548719,-0.08373325,-0.12104546,0.11067658,0.12251352,-0.054257657,0.019967608,0.02866156,-0.019266797
0.05170174,-0.18540686,0.094190665,-0.073033184,0.065357596,-0.04668833,-0.031189792,0.0033533797,0.013482057,0.0028036498,0.014344546,0.022151805,0.04728866,0.13497907,0.111416124,-0.1753278,0.1125136,-0.12517448,-0.09675026,0.01943947,0.11486561,-0.0398629,0.06140112,-0.058117304,0.020884346,-0.116881445,0.028780797,-0.081439316,-0.022552002,0.1642908,-0.09191922,-0.13701394,0.026799867,0.091456346,-0.019389044,0.033307318,-0.061340086,-0.08688375,0.040496808,-0.019383382,0.0011097608,-0.023182532,0.008688283,0.11195297,-0.0045151105,0.026583325,-0.07795403,0.0931318,0.06200479,0.008729848,0.106578015,0.06846297,0.12195376,0.13899444,-0.1337875,0.08401007,0.04081361,0.13161519,0.06306786,0.0018315389,-0.022253126,0.10087025,-0.0055054845,-0.11730105,-0.04301405,0.05489206,-0.118838586,0.10485272,0.04770505,0.018016992,-0.08817698,0.014555943,0.011245505,0.021163102,0.029534485,0.07392656,0.047310453,-0.04843967,-0.11328214,-0.052677345,0.15206139,-0.02904865,0.19597904,-0.014590951,-0.29982582,-0.04702612,-0.027217073,0.02427856,0.09075033,-0.07104492,-0.028465547,0.06788406,-0.023466483,0.07788972,-0.051717803,0.11718348,0.13352197,0.026859846,-0.022712853,0.16528577,0.10506359,0.17407766,0.13241917,0.020138942,0.08126741,0.014219437,0.10265729,-0.011975244,-0.003879517,-0.00071817846,-0.14235915,-0.050592396,0.10332261,-0.06439512,0.23253731,0.039042383,0.019974986,-0.06589061,-0.022279343,0.15597518,-0.08298759,-0.11675143,0.09809789,0.11827794,-0.05817392,0.01678208,0.038966045,-0.027461601
0.05247715,-0.18356398,0.095341146,-0.07700712,0.0641967,-0.044386253,-0.031446427,0.0010079242,0.008672747,0.0007594603,0.016618107,0.015052227,0.046027914,0.1340799,0.1102505,-0.17671958,0.11178225,-0.122094795,-0.101584144,0.015752636,0.116861634,-0.04377372,0.059584,-0.06137282,0.022296822,-0.115110695,0.028262615,-0.07918567,-0.020204492,0.16459168,-0.091914855,-0.1417528,0.027085599,0.08826252,-0.013795474,0.038277205,-0.056814626,-0.088704884,0.03589349,-0.022350593,0.006648685,-0.01553663,0.011851495,0.10479713,-0.002054136,0.031663302,-0.069780156,0.091046385,0.065684214,0.0052019497,0.104569666,0.06657589,0.113575496,0.13442762,-0.1393976,0.08151594,0.036719516,0.13282159,0.065245196,-0.00062833,-0.02046731,0.10083845,-0.011572523,-0.1155067,-0.046649113,0.057593107,-0.11585619,0.09879934,0.051917505,0.020103473,-0.08928008,0.014788152,0.01374276,0.01858193,0.03198299,0.07192003,0.046479102,-0.048372477,-0.11836592,-0.054333262,0.15406196,-0.024797624,0.19594288,-0.016724367,-0.3026684,-0.050563235,-0.029093936,0.020133356,0.0898683,-0.06682942,-0.03655008,0.07004639,-0.028763875,0.080939576,-0.05274857,0.12447333,0.12876543,0.028425213,-0.023142347,0.16287601,0.10956785,0.17715994,0.13006222,0.01609611,0.08468481,0.011735715,0.10347099,-0.007404373,-0.0013874255,-0.0039533027,-0.14795843,-0.05313152,0.098107934,-0.06683799,0.23220547,0.036110684,0.017025221,-0.062622376,-0.027668208,0.15821807,-0.08154471,-0.1218496,0.090623096,0.11910436,-0.05211075,0.015158827,0.033454947,-0.028710334
0.051078793,-0.18204919,0.09490382,-0.07931481,0.06119662,-0.043191973,-0.026491642,-0.004326942,0.014756665,0.002829256,0.016208453,0.021755684,0.039406404,0.14124839,0.11143606,-0.1750259,0.11408061,-0.12571892,-0.095619895,0.020572072,0.112867326,-0.045197293,0.064965926,-0.06280969,0.022465799,-0.11139472,0.031608496,-0.08061313,-0.02559753,0.1735758,-0.08979893,-0.13128261,0.023425667,0.09443802,-0.013088661,0.034807146,-0.058384813,-0.0840295,0.039655928,-0.015480759,-0.00018199412,-0.02742597,0.010325344,0.10137949,0.003920931,0.026655473,-0.0781563,0.09465357,0.06324978,0.009437442,0.112324364,0.061980583,0.122615576,0.14142978,-0.13758193,0.08528792,0.04019096,0.133754,0.051996067,0.0045889416,-0.022318872,0.10083573,-0.006792812,-0.11103171,-0.0391865,0.055029377,-0.11459035,0.099658065,0.04514727,0.016919093,-0.09210787,0.012251665,0.00914328,0.020707438,0.023887139,0.07801268,0.04540881,-0.048559528,-0.11689125,-0.05854793,0.15293597,-0.021032017,0.19501668,-0.012085009,-0.29810736,-0.04551778,-0.02816015,0.023467392,0.097935624,-0.06700557,-0.029486433,0.057879306,-0.021027707,0.07305073,-0.053273078,0.12290919,0.1265658,0.027734635,-0.028700076,0.16967718,0.103526086,0.1730138,0.14207914,0.0257872,0.0846211,0.01284017,0.10016862,-0.009264707,-0.0030822328,0.0010039821,-0.14468114,-0.051853202,0.10790011,-0.05645257,0.2273482,0.048701238,0.021146487,-0.065124124,-0.028017167,0.15432498,-0.083730474,-0.11673426,0.10749097,0.118267246,-0.057425912,0.014588248,0.03453106,-0.023038551
0.04197086,-0.18990861,0.08894576,-0.06764283,0.07443983,-0.048972964,-0.032081407,0.010429238,0.017855652,-0.00014318245,0.0077029113,0.014111199,0.049759682,0.12194941,0.117781825,-0.17490238,0.111227736,-0.10421559,-0.10161728,0.015255531,0.114837945,-0.030661054,0.04218948,-0.062065724,0.026213862,-0.13183701,0.026889721,-0.078295946,-0.020301692,0.15526628,-0.09666945,-0.14850612,0.03038592,0.08687477,-0.023803052,0.029356517,-0.058062546,-0.09906279,0.036335878,-0.025446936,0.00017443861,-0.008218254,0.014357439,0.11056966,-0.022293918,0.028627617,-0.06725888,0.08550526,0.06522877,0.011839744,0.10092784,0.06985016,0.10670571,0.1272734,-0.13029988,0.083564736,0.04185118,0.12757957,0.07732612,-0.005706812,-0.026348777,0.094923526,-0.0064096213,-0.12131201,-0.051957354,0.05269883,-0.11483734,0.10213523,0.05514748,0.018849567,-0.084405676,0.023524806,0.017236212,0.022217227,0.04348979,0.07604389,0.0416913,-0.056215946,-0.121623635,-0.04842771,0.15650819,-0.039900187,0.19551703,-0.015815869,-0.29875004,-0.0483684,-0.021795832,0.027315823,0.08718266,-0.07321331,-0.028145852,0.087032355,-0.032337133,0.092838764,-0.057928998,0.10892278,0.14383362,0.02157789,-0.023829326,0.15442845,0.11819504,0.17041397,0.11731724,0.013997488,0.07797157,0.016411576,0.09908393,-0.0139180375,0.0016602628,-0.0035451339,-0.14507505,-0.047086094,0.09190576,-0.08412373,0.23890632,0.027630607,0.00954474,-0.063838765,-0.006921616,0.17091423,-0.090334326,-0.12246489,0.08432103,0.1260463,-0.04628795,0.016296599,0.029589387,-0.030827358
0.055862743,-0.18107645,0.0971037,-0.07819295,0.062144596,-0.04476328,-0.031650573,-0.0018953888,0.008070098,0.00092001737,0.01820587,0.0156993,0.04909087,0.13551955,0.10996487,-0.17765465,0.110717155,-0.12754714,-0.1023926,0.015767483,0.11610135,-0.048406184,0.06364957,-0.060423765,0.019166797,-0.11271271,0.02854943,-0.077194065,-0.024072299,0.16658248,-0.08991334,-0.14152177,0.024516411,0.09021173,-0.013613551,0.037673134,-0.05527417,-0.085730076,0.034190793,-0.02287104,0.007485231,-0.0153938625,0.009017698,0.104935326,-8.313124e-05,0.03248578,-0.07188058,0.089523904,0.062594704,0.0049284897,0.104712486,0.065510966,0.114827745,0.13405077,-0.13875216,0.07933463,0.03560547,0.1340851,0.064651325,0.0016417776,-0.020871183,0.10016383,-0.010871598,-0.11656088,-0.04310427,0.060300674,-0.11596259,0.098824725,0.051266965,0.019833298,-0.090241216,0.010371996,0.012354985,0.018463112,0.0293497,0.071332775,0.05216324,-0.04834933,-0.11510441,-0.057046596,0.15411867,-0.022424096,0.19700651,-0.017495122,-0.30152282,-0.05323214,-0.03216943,0.021355094,0.08684804,-0.06474625,-0.037029773,0.064689845,-0.02984028,0.078475915,-0.051547863,0.12817673,0.12442829,0.030762378,-0.024745597,0.16315627,0.106396094,0.17954102,0.13021486,0.014031402,0.08316865,0.012835258,0.10716738,-0.0047074584,-0.0026265627,-0.0020294045,-0.15129058,-0.054498505,0.09971764,-0.06472209,0.23124309,0.039834365,0.018309353,-0.06242178,-0.028615711,0.15537955,-0.07641014,-0.11899473,0.09586553,0.11965575,-0.05405333,0.016263027,0.036590554,-0.026383936
0.055012126,-0.18356039,0.10047257,-0.074954785,0.05843332,-0.043690406,-0.037241556,-0.0044857594,0.0040717837,0.0019255625,0.017395062,0.016990475,0.044535886,0.13393793,0.10290748,-0.17774415,0.115829125,-0.13367742,-0.09933122,0.020503214,0.10909681,-0.04424402,0.06314042,-0.06295391,0.017733116,-0.1132527,0.028578062,-0.07894307,-0.025404308,0.1672555,-0.0913853,-0.13385971,0.026680935,0.09419664,-0.012010633,0.03749529,-0.06064784,-0.08404829,0.04265289,-0.025151458,0.0074121878,-0.022580191,0.007766251,0.10490977,-0.00140361,0.032424293,-0.07986959,0.09379285,0.066432945,0.007449686,0.10212645,0.06594205,0.119520955,0.1395103,-0.1352192,0.08251655,0.035858728,0.13447624,0.06080844,-0.001142355,-0.01586525,0.09947503,-0.008148729,-0.11776344,-0.048870504,0.050076634,-0.123580486,0.097222365,0.042405825,0.018090734,-0.08835594,0.017716061,0.01043489,0.018453058,0.0271914,0.072023205,0.037725147,-0.04645561,-0.118659995,-0.050650287,0.15332045,-0.017922234,0.1931629,-0.015126833,-0.30165917,-0.051261384,-0.029698225,0.021988237,0.09296056,-0.07010033,-0.0353549,0.0659433,-0.020868504,0.08124249,-0.058682285,0.1285261,0.12943985,0.028188046,-0.024764067,0.16797398,0.109405056,0.17194445,0.12753089,0.014675966,0.08400052,0.008248776,0.100162454,-0.0103831785,-0.006349788,-0.0011187418,-0.14335684,-0.048570216,0.09687612,-0.066663794,0.23089297,0.03865359,0.012031147,-0.057963073,-0.028939616,0.15651557,-0.08824728,-0.11938934,0.09803021,0.11705739,-0.056786504,0.016276035,0.036929168,-0.030933127
0.06113547,-0.18452293,0.099124506,-0.08211823,0.061953176,-0.03697151,-0.020641996,-0.009963,0.013599107,0.002910448,0.0117838485,0.015562359,0.038814165,0.13805243,0.11750062,-0.16925187,0.10807493,-0.12127378,-0.10336026,0.016661158,0.12007972,-0.050001856,0.06060834,-0.057119288,0.017449884,-0.11460976,0.033908885,-0.07908268,-0.0213125,0.17036915,-0.08183563,-0.13480455,0.01873829,0.09094667,-0.0131827025,0.029621813,-0.054791644,-0.08093672,0.03312719,-0.013203821,0.0022586407,-0.020857833,0.0072281784,0.10002554,0.0002597959,0.030670395,-0.07279172,0.09281232,0.064363755,0.011016929,0.11121405,0.060672317,0.11828752,0.13816664,-0.13360474,0.08944058,0.037800133,0.128422,0.058094714,0.0043367543,-0.02790197,0.09965634,-0.0058596726,-0.10614571,-0.027338304,0.062112514,-0.10382133,0.09785367,0.04573286,0.016152417,-0.089385174,0.008543987,0.009697513,0.01910486,0.02903622,0.07800344,0.054745965,-0.050122827,-0.11647449,-0.06297127,0.1543763,-0.030173356,0.20075873,-0.015235004,-0.2973096,-0.040272042,-0.027802052,0.02004201,0.09248543,-0.063191734,-0.035515413,0.055983927,-0.029153842,0.08188853,-0.05899256,0.12208418,0.120939784,0.027686635,-0.02673286,0.17064497,0.101607494,0.18423612,0.14112438,0.029977474,0.079841204,0.011578293,0.10024607,-0.0027864317,-0.0027600802,-0.0011209776,-0.15651482,-0.056690384,0.1142988,-0.06811377,0.23017071,0.04314812,0.027295753,-0.07088725,-0.019180633,0.15355805,-0.07586606,-0.1216067,0.10087859,0.12049985,-0.051384144,0.0130711375,0.032253325,-0.02007161
0.04990162,-0.18162665,0.09111376,-0.0708454,0.07333482,-0.046951074,-0.027214948,0.0030869166,0.014331468,0.005645066,0.013688625,0.019941388,0.040290587,0.14101295,0.11550771,-0.17567696,0.11578858,-0.12132158,-0.099318296,0.02073697,0.11904815,-0.04095079,0.062234215,-0.059562977,0.026888257,-0.10873394,0.030521547,-0.078179836,-0.020906534,0.16667224,-0.0896778,-0.14343987,0.031037094,0.0913423,-0.02752392,0.034123015,-0.05572695,-0.08921572,0.03462412,-0.01666601,0.00049657864,-0.015478218,0.010415423,0.10383056,-0.0019718357,0.030571487,-0.07297924,0.09033242,0.059893206,0.011252078,0.10967901,0.06933387,0.113807246,0.1303668,-0.13701823,0.0832396,0.04061838,0.12893607,0.058998466,0.0057902783,-0.033165745,0.105847776,-0.0015740525,-0.11910041,-0.041434377,0.058905613,-0.11435472,0.10239839,0.06342745,0.020813638,-0.091827855,0.007928111,0.012648879,0.017039152,0.032549474,0.076429404,0.04865382,-0.04646391,-0.116148114,-0.0575965,0.14901257,-0.03232035,0.19905718,-0.018797792,-0.29910317,-0.051223394,-0.02935295,0.022997752,0.086533934,-0.06750404,-0.028411714,0.064632185,-0.027483359,0.07195503,-0.044317808,0.11936386,0.12831138,0.026805751,-0.023063717,0.15963712,0.105555974,0.17579149,0.13105477,0.023739235,0.08039955,0.017210111,0.107742846,-0.0059322943,0.002116773,-0.0044406774,-0.1478253,-0.05078289,0.10165363,-0.061475936,0.23202324,0.03824427,0.02532945,-0.06988785,-0.029405376,0.15755032,-0.08005521,-0.11767393,0.10335608,0.12532929,-0.054517917,0.015331705,0.034664124,-0.025157217
0.046923902,-0.18160087,0.09867828,-0.07492857,0.06121084,-0.041688953,-0.032006815,-0.006427303,0.008431999,0.0019999682,0.019446988,0.013167076,0.0441028,0.13503428,0.10710277,-0.17776184,0.11662844,-0.12607941,-0.099948294,0.015585514,0.12044887,-0.04819908,0.06083199,-0.06380159,0.02085473,-0.109342545,0.03236232,-0.08002831,-0.020424627,0.16337143,-0.092281245,-0.13727742,0.028024707,0.091332875,-0.00877854,0.03421262,-0.05530095,-0.087842666,0.038241986,-0.023916239,0.004842087,-0.019190188,0.010134441,0.105419494,0.00251905,0.036329675,-0.06744948,0.09892976,0.07629432,0.0061423983,0.110704504,0.068792984,0.11209413,0.13195924,-0.13459924,0.08290589,0.03524954,0.13899465,0.061688,0.0038944327,-0.028133972,0.09949792,-0.011895975,-0.118626505,-0.04392208,0.06163426,-0.11247091,0.091173716,0.04264328,0.012346658,-0.0929878,0.018000782,0.00922169,0.028328605,0.021261575,0.0665088,0.045819134,-0.046082344,-0.1152844,-0.058003407,0.15432675,-0.022142103,0.20066832,-0.018155724,-0.29947698,-0.053368278,-0.021983068,0.030077135,0.09559649,-0.06838225,-0.0379269,0.06634563,-0.01943846,0.07092195,-0.054744124,0.12348044,0.122106224,0.029657215,-0.022520265,0.16591823,0.112251155,0.1791729,0.13414727,0.01871341,0.08347546,0.006553367,0.10271451,-0.0067246608,-0.0014497349,-0.0004693249,-0.148089,-0.050584115,0.09806041,-0.068705656,0.23051235,0.032799505,0.017420186,-0.06558086,-0.03148523,0.15016219,-0.08365144,-0.11483178,0.10627334,0.11612219,-0.05437516,0.020082543,0.03836007,-0.031217825
0.048788358,-0.18405259,0.09811813,-0.07763579,0.06643482,-0.042829253,-0.025459064,-0.0013249968,0.012128327,0.006596534,0.011760305,0.014972319,0.037418757,0.13650024,0.10712003,-0.1797854,0.11490109,-0.11682734,-0.098206006,0.015078818,0.12293699,-0.04325287,0.058730904,-0.06217393,0.021403307,-0.109549165,0.033399183,-0.08412162,-0.016867168,0.16575392,-0.089098364,-0.13817637,0.030300982,0.095147744,-0.011565443,0.03716651,-0.057094827,-0.08583201,0.03874032,-0.012411301,-0.001614461,-0.02257618,0.013638482,0.10275438,0.0011474511,0.027257858,-0.071460046,0.094640985,0.07065754,0.0040565934,0.11282557,0.063457444,0.11562868,0.13877249,-0.14322537,0.0882757,0.037035234,0.13260856,0.056824695,-0.0010624547,-0.022193048,0.104151264,-0.0077702133,-0.11122,-0.041466914,0.059503105,-0.109512754,0.10168136,0.047596373,0.015442578,-0.09138939,0.013586973,0.009962425,0.024433758,0.024912836,0.07426857,0.048385102,-0.049630947,-0.12173895,-0.05871444,0.15301721,-0.028944544,0.19624254,-0.017230501,-0.2981453,-0.045488812,-0.021620963,0.020294048,0.092581645,-0.0637571,-0.031773638,0.064851366,-0.02446521,0.07400964,-0.047874074,0.11967222,0.12720315,0.029255895,-0.016612338,0.17214379,0.104231484,0.17922063,0.13994187,0.027837224,0.08180807,0.0114483265,0.100492924,-0.0040034694,-0.0032092987,-0.0023899076,-0.1394624,-0.04933564,0.10558392,-0.060791243,0.23043928,0.037346352,0.01911754,-0.07137787,-0.027334547,0.14939995,-0.086459465,-0.11755772,0.10303594,0.115240134,-0.054831244,0.020296622,0.037305754,-0.029691497
0.039571937,-0.19055927,0.100943856,-0.070987165,0.076087505,-0.043145794,-0.014795514,-0.014080147,0.027148271,0.017104149,-0.0066284807,0.017405659,0.03316181,0.12933992,0.115327455,-0.17392506,0.118426874,-0.103715226,-0.09477226,0.02668698,0.11033983,-0.047356114,0.05308237,-0.07112653,0.017055811,-0.119883336,0.03260171,-0.07694853,-0.036443334,0.17519815,-0.08993787,-0.1380979,0.02448242,0.10246488,-0.01151747,0.03072083,-0.052313697,-0.09365674,0.037674025,-0.014857763,-0.016258592,-0.009879622,0.0165438,0.0882203,-0.011163162,0.034991853,-0.06513616,0.08984318,0.068638444,0.016504224,0.10634945,0.05110363,0.107148275,0.12665276,-0.12086077,0.08169101,0.037702292,0.13516276,0.051132888,-0.0013291994,-0.03161166,0.09457978,-0.0036546367,-0.11302064,-0.028489888,0.061381068,-0.09688051,0.09196651,0.045650057,0.014108218,-0.085489236,0.019430105,0.0063323136,0.028082186,0.022938553,0.0896578,0.05253049,-0.06460325,-0.13625373,-0.07114765,0.15954983,-0.03206359,0.20698589,-0.015096864,-0.27877685,-0.038578972,-0.013187845,0.036938407,0.094362,-0.06923615,-0.011519648,0.06122355,-0.028945064,0.08971234,-0.07385213,0.11058076,0.124864936,0.030065482,-0.044681408,0.16021523,0.109006174,0.16839415,0.14794391,0.03210378,0.069560684,0.00994866,0.09296667,-0.0020721497,-0.0011650525,0.0045455243,-0.1638459,-0.03450984,0.10171376,-0.083153315,0.23166509,0.05087397,0.018976253,-0.06381857,-0.0069662905,0.17017855,-0.09123918,-0.119569704,0.11728046,0.12752967,-0.041230988,0.01629657,0.02464219,-0.019860173
0.04990031,-0.1808763,0.0999802,-0.07936033,0.06252677,-0.043560464,-0.031216318,-0.0026555143,0.009044224,0.0010274282,0.016313307,0.018978728,0.043956913,0.13767599,0.10736286,-0.17673913,0.11150131,-0.12788974,-0.09793333,0.018796522,0.11627501,-0.041001208,0.06773335,-0.059209596,0.022895316,-0.10691909,0.032072417,-0.0819129,-0.020589262,0.16735551,-0.0914709,-0.13616844,0.027265647,0.09238857,-0.01437986,0.036259025,-0.05612629,-0.08456164,0.03910155,-0.019570107,0.00079162436,-0.028067946,0.008431664,0.108874284,0.003438517,0.030920386,-0.07477009,0.09370333,0.06589112,0.0056076013,0.11338311,0.06660033,0.119561434,0.1383587,-0.13757199,0.08419081,0.038410313,0.13355228,0.058656197,0.004805657,-0.021899711,0.10318622,-0.009839925,-0.11595556,-0.047203667,0.05884487,-0.117969,0.10151277,0.046657383,0.016317222,-0.09154089,0.012519133,0.010995154,0.020720381,0.023222324,0.07126391,0.045453046,-0.042547055,-0.11414794,-0.05765478,0.1520814,-0.02279704,0.19650845,-0.015102377,-0.30047005,-0.052334975,-0.028397616,0.021399887,0.09140106,-0.06858883,-0.035980847,0.06268714,-0.020639656,0.0716019,-0.04710482,0.12179173,0.12542175,0.02895451,-0.01923755,0.16929778,0.10421068,0.17713909,0.13858147,0.02252581,0.08259089,0.010947974,0.10444431,-0.010831869,-0.0041453736,-0.0008263917,-0.14120871,-0.052787464,0.10216602,-0.06036538,0.23001857,0.0389747,0.022198362,-0.06781718,-0.03216424,0.15026635,-0.081002615,-0.118756674,0.1046232,0.11336103,-0.056584,0.018763725,0.037656214,-0.028208284
0.03395276,-0.18144011,0.100344695,-0.08513117,0.06473694,-0.050282225,-0.008603616,-0.016322765,0.026999993,0.014905857,-0.005619897,0.003711345,0.03551903,0.13404329,0.11841365,-0.16055539,0.11073248,-0.09333875,-0.101979434,0.014270815,0.11576825,-0.046418946,0.04107302,-0.069434464,0.01833549,-0.13825862,0.038392033,-0.063561566,-0.03346274,0.18086144,-0.079393186,-0.1370234,0.013836825,0.097937234,-0.010430101,0.027789801,-0.04993695,-0.098209634,0.025592102,-0.019982157,-0.008128346,0.0010271891,0.01626337,0.081149995,-0.022237854,0.036227763,-0.056864712,0.07924457,0.07627163,0.005936591,0.09203896,0.04041122,0.100416444,0.124629706,-0.12473766,0.0786575,0.03003474,0.13647607,0.041453812,-0.009108378,-0.018972563,0.099199444,-0.006195253,-0.10937793,-0.01672347,0.058359724,-0.089333415,0.0794712,0.05027354,0.011506863,-0.089107454,0.03661585,0.0061539817,0.020853639,0.03199698,0.09550812,0.049848095,-0.052231997,-0.13576894,-0.06549071,0.16816086,-0.034974966,0.20308381,-0.017639836,-0.27762356,-0.04651118,-0.018829266,0.027665023,0.10067775,-0.05998571,-0.025701772,0.068844244,-0.049415793,0.10205116,-0.090076074,0.12044207,0.12054065,0.019166093,-0.051525004,0.1603474,0.12158335,0.17674568,0.14243858,0.0378952,0.06567991,0.0140146585,0.092772074,0.013780367,-0.0029488285,0.0057518203,-0.17998494,-0.038603242,0.0958939,-0.09880918,0.22777227,0.06157285,0.011648189,-0.05785857,0.007915972,0.18033758,-0.09295166,-0.12236218,0.09502291,0.1296649,-0.033146665,0.018395124,0.021887746,-0.01580911
0.055804756,-0.18259206,0.104958825,-0.08098901,0.059771545,-0.03805261,-0.02694051,-0.010742423,0.004208125,0.0055498057,0.010900979,0.014049892,0.035355963,0.13949676,0.106004044,-0.17752369,0.11684499,-0.130418,-0.10193471,0.021998925,0.11878583,-0.052117143,0.06629679,-0.064329624,0.017023195,-0.10296494,0.035737127,-0.079679064,-0.022932272,0.1728239,-0.083686344,-0.13264723,0.024915835,0.0971556,-0.012607893,0.03447798,-0.056050036,-0.0801341,0.038639132,-0.0147675555,0.0024143707,-0.022729581,0.009062836,0.098652504,0.0034838284,0.03163246,-0.078037985,0.09511013,0.07076662,0.009949676,0.10883049,0.06105262,0.11975653,0.13698156,-0.13577665,0.08436556,0.031041892,0.13552688,0.0516545,0.001086377,-0.021911979,0.100797914,-0.0067299395,-0.11409218,-0.035047833,0.0605336,-0.112640545,0.09294267,0.039885975,0.017904915,-0.09210468,0.012422,0.010127194,0.020763498,0.024611128,0.07433424,0.04518978,-0.044454757,-0.11886473,-0.060337517,0.15139782,-0.022095704,0.19466344,-0.014192871,-0.2951086,-0.043652058,-0.030469744,0.023851415,0.09151846,-0.060610466,-0.038897727,0.055425175,-0.019000564,0.072606616,-0.05676535,0.13248605,0.11645081,0.03201691,-0.025572363,0.17100878,0.10426901,0.1814852,0.13561909,0.024441049,0.081107944,0.007978267,0.101726845,-0.0029746734,-0.0056568542,-0.0015038928,-0.15161648,-0.05226954,0.1062793,-0.0680229,0.22832197,0.043681655,0.020006476,-0.066781364,-0.031206463,0.15263122,-0.082921006,-0.11832624,0.11006372,0.11814241,-0.054688442,0.017753653,0.03675589,-0.026018398
0.043051694,-0.18659915,0.08471091,-0.08138522,0.07777268,-0.035765782,-0.019027157,0.0005158494,0.03388266,-0.005358225,0.006110175,0.011022826,0.025095807,0.12598935,0.11913814,-0.1739115,0.102406874,-0.09006142,-0.09893002,0.0038847018,0.13238817,-0.041279484,0.031920623,-0.060035475,0.025663363,-0.12565054,0.03338799,-0.08000208,-0.016254226,0.16572908,-0.09332302,-0.14408985,0.028702928,0.103935055,-0.0089627635,0.03123791,-0.047520332,-0.09998486,0.022787046,-0.00716697,-0.014417655,-0.011143828,0.017832872,0.091365956,-0.014495251,0.015075652,-0.050234746,0.08387561,0.078087024,0.0073591406,0.12398483,0.05099584,0.10840595,0.14236557,-0.15035996,0.103810266,0.034206506,0.12163157,0.06685779,-0.011367397,-0.026856324,0.09580501,-0.015358217,-0.099595,-0.032362267,0.07084508,-0.09007309,0.09898493,0.04914136,0.0016694772,-0.08933176,0.005119879,0.012281537,0.041134886,0.03412376,0.086744145,0.054754928,-0.062286608,-0.12956266,-0.07388922,0.15473148,-0.052643564,0.19443259,-0.016442938,-0.29343653,-0.03034339,-0.010926567,0.0220418,0.09558082,-0.056076005,-0.02669932,0.07972835,-0.036586292,0.08447113,-0.048334286,0.104341194,0.1294227,0.027357316,-0.0053162607,0.16701983,0.10735715,0.17688842,0.1408856,0.04396049,0.08611022,0.024735987,0.095088445,0.0006365174,0.01038916,-0.008703509,-0.13994646,-0.0535921,0.1123659,-0.06280108,0.24062052,0.034806803,0.010631364,-0.07144036,-0.0103996685,0.14370845,-0.09732824,-0.12063631,0.09861629,0.12361594,-0.045548204,0.017102461,0.029664805,-0.017480358
0.05127873,-0.18211243,0.1065382,-0.07829616,0.059464555,-0.038660817,-0.032699514,-0.008284448,0.0005538078,0.0054240837,0.014723309,0.011836195,0.041047182,0.13438122,0.09928946,-0.17943886,0.11946415,-0.13059522,-0.10137392,0.020968918,0.11870453,-0.04863596,0.065707445,-0.065853566,0.017375525,-0.10246892,0.034322657,-0.08072871,-0.020445922,0.16525432,-0.08925164,-0.13438249,0.030860066,0.09364753,-0.0092797605,0.036384948,-0.05733509,-0.08125258,0.044096116,-0.022380719,0.0054584015,-0.023305446,0.009693082,0.10543388,0.0015748531,0.037348818,-0.07715039,0.09662152,0.077488005,0.007285499,0.10616765,0.06455311,0.1164234,0.13585389,-0.13271657,0.08247335,0.031231673,0.13794497,0.057116102,-0.001317299,-0.020478241,0.10095991,-0.009038536,-0.11904683,-0.0460263,0.058015343,-0.11831162,0.090317994,0.037578184,0.017755425,-0.09254161,0.017719196,0.009002976,0.023378538,0.021765983,0.06809625,0.0404956,-0.042510103,-0.11965886,-0.055876162,0.15255366,-0.019470558,0.19686551,-0.016061416,-0.29714638,-0.04995091,-0.024785481,0.025637403,0.09218353,-0.0681084,-0.038331624,0.06216678,-0.016619125,0.07382685,-0.05874406,0.12970735,0.118399754,0.03126603,-0.021654636,0.17182343,0.109673806,0.1798501,0.13026503,0.019817533,0.08069605,0.0041434886,0.10114436,-0.0052511794,-0.0065021333,-0.0017199509,-0.14502297,-0.0489889,0.099122845,-0.07067931,0.2283063,0.035010923,0.017691106,-0.06611928,-0.032458205,0.15361844,-0.08886545,-0.11676727,0.10817559,0.11402852,-0.05491551,0.020961305,0.040322345,-0.033053618
0.06260793,-0.18035038,0.100397766,-0.0791425,0.060720615,-0.037622366,-0.021277403,-0.012666136,0.00857817,0.004896061,0.006776461,0.0176236,0.036561694,0.13985577,0.105625674,-0.17440847,0.11179753,-0.13352515,-0.10018051,0.020730222,0.120924056,-0.054572437,0.06905579,-0.0562641,0.014624033,-0.108019836,0.03654893,-0.081635304,-0.021775723,0.17312077,-0.08224156,-0.13276714,0.02359693,0.09458748,-0.017256849,0.03087919,-0.057504166,-0.0763521,0.03899548,-0.011835361,-0.003288903,-0.025869226,0.00894454,0.10252195,-0.003647033,0.030601658,-0.08134262,0.09722441,0.07142509,0.012297475,0.10984302,0.062343124,0.12489811,0.14537598,-0.1324224,0.08656089,0.033306133,0.13208193,0.047818843,-0.0016339341,-0.02440539,0.104154795,-0.0028759013,-0.116521,-0.024548888,0.06525803,-0.11416402,0.099305995,0.03588724,0.019391533,-0.09100432,0.014443271,0.008017655,0.02162691,0.023756597,0.07611858,0.049876474,-0.043764558,-0.11519142,-0.06034961,0.15078796,-0.026363999,0.19607444,-0.015197634,-0.2938539,-0.042523637,-0.026676888,0.023077812,0.09350344,-0.065151714,-0.033683125,0.054454174,-0.022668524,0.06695023,-0.054913588,0.12849337,0.116256624,0.030973947,-0.019666884,0.17018183,0.10057527,0.1820534,0.14087762,0.025692262,0.07754303,0.0079295635,0.10358324,-0.0027776074,-0.00483486,-0.0015246749,-0.14832425,-0.048604026,0.111192435,-0.06727805,0.22878134,0.043052476,0.024782833,-0.06773699,-0.027808018,0.1491328,-0.080664,-0.11356227,0.11341886,0.115304045,-0.05994155,0.01734185,0.039266553,-0.022717606
0.037704237,-0.1848638,0.09109579,-0.07641601,0.071355835,-0.051714685,-0.018426338,-0.007560564,0.025569843,0.0009988153,0.0073917205,0.015469175,0.04337144,0.13252097,0.1107772,-0.16880113,0.11458658,-0.10549882,-0.099717125,0.020720221,0.115033105,-0.042346273,0.054850325,-0.06710742,0.017670868,-0.12320029,0.033744954,-0.07645164,-0.034926374,0.17215319,-0.08945161,-0.13830887,0.025188899,0.09676845,-0.014197164,0.033538055,-0.045395553,-0.088358894,0.038573064,-0.016887035,-0.00485221,-0.017372059,0.006295159,0.09220146,-0.0044891406,0.026799694,-0.06901418,0.08602815,0.06636574,0.012576665,0.10643858,0.06438138,0.122346036,0.12392772,-0.12964311,0.09258006,0.036790144,0.13068691,0.05454381,-0.00042329222,-0.027165413,0.09835758,-0.0034741696,-0.1250813,-0.03818671,0.06842704,-0.1065152,0.09485794,0.03870908,0.01406702,-0.088309385,0.026503619,0.016414355,0.024427773,0.031127403,0.07621938,0.04722039,-0.057402696,-0.12090188,-0.06095027,0.16542195,-0.031852268,0.2043025,-0.014313552,-0.29303324,-0.050770503,-0.019446993,0.029236557,0.09489508,-0.06674885,-0.02088249,0.07141358,-0.027471513,0.07727037,-0.056743175,0.10810686,0.13679077,0.026688648,-0.029561091,0.16103372,0.1147097,0.16365421,0.1415072,0.029674858,0.074891396,0.014799955,0.09783737,-0.010069449,0.0030441124,0.0037315,-0.15595391,-0.04012908,0.10415888,-0.07763508,0.23580258,0.05332686,0.021132812,-0.06682604,-0.0014525957,0.15922628,-0.08646595,-0.11634747,0.10894238,0.123933375,-0.04789228,0.01948843,0.027210938,-0.027733808
0.04892098,-0.18117264,0.09860437,-0.08326123,0.06785534,-0.046468098,-0.017649584,-0.00593038,0.018761592,0.00081214483,0.0072403434,0.021367054,0.042681597,0.13769883,0.11270953,-0.17845401,0.11112552,-0.1160403,-0.09796748,0.022834372,0.11071888,-0.04426563,0.06270174,-0.06644702,0.0239138,-0.11509547,0.032209843,-0.079376414,-0.03497941,0.17920272,-0.09472076,-0.13448767,0.026229983,0.094916224,-0.018246407,0.033449907,-0.050700765,-0.08700096,0.037668124,-0.014271189,-0.009828865,-0.019945439,0.011185669,0.09400961,-0.0069714272,0.027201625,-0.0798346,0.08243753,0.057730146,0.013717921,0.10883096,0.057984438,0.11759822,0.13397415,-0.13396873,0.083991066,0.040973186,0.13405329,0.054223787,0.001928116,-0.01909238,0.09956991,-0.002854825,-0.11245302,-0.03307216,0.058447417,-0.110201135,0.09761969,0.05267033,0.023305042,-0.08931335,0.009999498,0.015975945,0.020207217,0.028439844,0.08607087,0.0482713,-0.05471349,-0.12501067,-0.057473086,0.15727174,-0.025773736,0.19565637,-0.01347861,-0.29333645,-0.045353573,-0.027216837,0.022716604,0.09292819,-0.0688008,-0.026430981,0.05811826,-0.031141568,0.07774628,-0.05421746,0.11600038,0.12500373,0.028869014,-0.034284126,0.16971685,0.10727672,0.16948923,0.13997996,0.026797779,0.079109505,0.012538581,0.09819392,-0.01257334,-0.0020318644,-0.00066333666,-0.14961125,-0.045568075,0.10894159,-0.069255896,0.22868602,0.059778888,0.026181174,-0.065879725,-0.014428215,0.1610338,-0.08205323,-0.11766819,0.107972234,0.12274086,-0.047252152,0.01245446,0.033116437,-0.021656547
0.05198159,-0.18675631,0.093555026,-0.07652031,0.07175504,-0.043074824,-0.0195642,-0.008871716,0.021979492,0.009298239,0.010393812,0.019164987,0.036667503,0.13582896,0.115296945,-0.17281815,0.111554876,-0.116966374,-0.10061755,0.019774439,0.1272705,-0.046758432,0.060978264,-0.06008457,0.015117494,-0.113182075,0.033953983,-0.08003272,-0.023852976,0.16722089,-0.08750706,-0.13676773,0.024017118,0.09663544,-0.020626215,0.03029992,-0.05665674,-0.07985662,0.040770482,-0.014410033,-0.0029917357,-0.019984642,0.008026251,0.10068872,-0.003267418,0.031080376,-0.0706341,0.09067553,0.067000106,0.010111255,0.11008552,0.066030666,0.12014166,0.138909,-0.13096184,0.08874249,0.03908747,0.12519455,0.0567898,0.0043057096,-0.031087011,0.10375237,-0.0020688246,-0.10865922,-0.025355771,0.062183097,-0.105690986,0.09704629,0.047638677,0.018781366,-0.08915288,0.006749778,0.009078862,0.027071137,0.022728825,0.078672804,0.055574387,-0.051103298,-0.11836978,-0.06434499,0.15199958,-0.0349514,0.20560668,-0.019514713,-0.2957966,-0.04086006,-0.018586688,0.024344252,0.09437459,-0.06893989,-0.026627544,0.058851924,-0.033106383,0.07676977,-0.052810725,0.11242621,0.122558236,0.028274354,-0.019108094,0.17150325,0.10664026,0.1827056,0.14040338,0.03345572,0.07638911,0.013470978,0.10174414,-0.0012473081,-0.0022046682,0.0011000875,-0.14799796,-0.045713324,0.114270344,-0.06334927,0.22603019,0.04232832,0.027178321,-0.07587856,-0.02060635,0.14678451,-0.08465716,-0.11657747,0.10948319,0.121111944,-0.05796902,0.014651056,0.033609282,-0.025800167
0.04498632,-0.18753794,0.09440989,-0.07575366,0.069678366,-0.048708946,-0.023242902,0.0039761723,0.016524019,0.0018309233,0.0025380948,0.018904217,0.037500855,0.13804379,0.1159907,-0.1766049,0.11272132,-0.110079385,-0.098097414,0.020466084,0.11541998,-0.033007856,0.057575822,-0.062258672,0.026581496,-0.11599986,0.031949148,-0.083684064,-0.021647349,0.16931264,-0.09028852,-0.13912845,0.026356367,0.094348,-0.021444777,0.034846116,-0.056067895,-0.08950225,0.035879523,-0.010003679,-0.0046269894,-0.020125002,0.014482539,0.099339984,-0.003345311,0.02421397,-0.077194266,0.08999178,0.061170295,0.009492905,0.10937364,0.06702488,0.11641483,0.13186361,-0.14431432,0.085597865,0.0415392,0.12943402,0.055384316,-1.1461991e-05,-0.023300797,0.10388648,-0.00357681,-0.11262633,-0.042954132,0.055107582,-0.10931232,0.10752487,0.058713626,0.02316453,-0.08622212,0.015467367,0.018217864,0.014837778,0.034685455,0.07942496,0.04462797,-0.05152192,-0.12289234,-0.05212144,0.15624478,-0.031292528,0.19187847,-0.012996076,-0.29967353,-0.047612965,-0.029971823,0.018606631,0.09021867,-0.061711308,-0.033390623,0.07014725,-0.027760062,0.07711696,-0.044677503,0.11712581,0.13616112,0.023830933,-0.022890119,0.16345209,0.10347772,0.17303056,0.13935934,0.02855443,0.0826112,0.01596657,0.0975269,-0.013919633,-0.0044292244,-0.0026508954,-0.14292848,-0.049604647,0.102337465,-0.06370718,0.23311888,0.04218508,0.01716595,-0.0661511,-0.022199344,0.1605811,-0.080726825,-0.124732085,0.097236395,0.11953717,-0.050485443,0.015659321,0.028246569,-0.027535243
0.04537493,-0.18089098,0.09391615,-0.07782149,0.071131885,-0.054098107,-0.022777993,0.003461115,0.020022592,-0.0016766925,0.0084138205,0.020412048,0.04041609,0.13632776,0.11950737,-0.18161601,0.11005412,-0.111448854,-0.10082173,0.017338192,0.11921631,-0.035940222,0.056732617,-0.06266287,0.02509642,-0.11264446,0.03223498,-0.07800534,-0.02708517,0.17131749,-0.094109036,-0.14224619,0.027822651,0.0978267,-0.024288438,0.033559747,-0.051771335,-0.089431584,0.035808917,-0.0114547685,-0.0076952535,-0.016204992,0.012939565,0.09507956,-0.004480153,0.023288367,-0.07396763,0.08052246,0.05432366,0.0084825065,0.11205154,0.06677208,0.114707224,0.13132177,-0.1427464,0.085792296,0.040515374,0.12848787,0.063593075,0.0030364865,-0.021233372,0.103166014,-0.0035295545,-0.1166611,-0.04213255,0.06172012,-0.10925338,0.09946564,0.056684088,0.022249993,-0.08763382,0.0076440084,0.021478605,0.02114648,0.032079086,0.08334055,0.05048938,-0.053461734,-0.118553765,-0.053806983,0.15564647,-0.03275497,0.19492221,-0.018159673,-0.29940745,-0.049766153,-0.031474553,0.024432328,0.086752936,-0.06034976,-0.03021942,0.068352856,-0.03257162,0.07148261,-0.039139446,0.11849504,0.13149612,0.02761263,-0.02072977,0.1660605,0.111204594,0.17443755,0.13033187,0.030266268,0.07839347,0.023993116,0.10450234,-0.013173877,-0.0016647736,-0.0034870624,-0.14289562,-0.05032333,0.105921485,-0.0631785,0.23163426,0.04675341,0.021612266,-0.07279334,-0.01869027,0.15350005,-0.07806145,-0.11884684,0.10127331,0.1257772,-0.04921214,0.01466344,0.034072988,-0.02447247
